,Unnamed: 0,MinTemp
0,0,13.4
1,1,7.4
2,2,12.9
3,3,9.2
4,4,17.5
5,5,14.6
6,6,14.3
7,7,7.7
8,8,9.7
9,9,13.1
10,10,13.4
11,11,15.9
12,12,15.9
13,13,12.6
14,14,8.4
15,15,9.8
16,16,14.1
17,17,13.5
18,18,11.2
19,19,9.8
20,20,11.5
21,21,17.1
22,22,20.5
23,23,15.3
24,24,12.6
25,25,16.2
26,26,16.9
27,27,20.1
28,28,19.7
29,29,12.5
30,30,12.0
31,31,11.3
32,32,9.6
33,33,10.5
34,34,12.3
35,35,12.9
36,36,13.7
37,37,16.1
38,38,14.0
39,39,12.5
40,40,17.0
41,41,16.9
42,42,17.3
43,43,17.2
44,44,17.4
45,45,19.8
46,46,14.9
47,47,10.5
48,48,11.3
49,49,13.9
50,50,18.6
51,51,19.3
52,52,24.4
53,53,18.8
54,54,20.8
55,55,14.0
56,56,15.7
57,57,18.5
58,58,20.4
59,59,21.8
60,60,22.3
61,61,22.0
62,62,28.0
63,63,24.4
64,64,21.5
65,65,21.7
66,66,21.5
67,67,23.5
68,68,22.3
69,69,28.3
70,70,18.4
71,71,14.9
72,72,13.5
73,73,16.1
74,74,14.6
75,75,12.4
76,76,13.3
77,77,17.2
78,78,12.5
79,79,18.0
80,80,16.2
81,81,18.7
82,82,13.7
83,83,15.5
84,84,14.3
85,85,12.9
86,86,8.9
87,87,15.0
88,88,15.4
89,89,16.0
90,90,12.8
91,91,13.2
92,92,18.0
93,93,13.8
94,94,11.5
95,95,7.6
96,96,8.3
97,97,11.0
98,98,13.8
99,99,15.5
100,100,18.4
101,101,20.9
102,102,17.1
103,103,16.4
104,104,10.0
105,105,8.8
106,106,8.4
107,107,9.3
108,108,11.3
109,109,11.5
110,110,13.8
111,111,14.6
112,112,14.4
113,113,10.8
114,114,15.4
115,115,13.3
116,116,10.1
117,117,9.1
118,118,10.4
119,119,13.4
120,120,12.3
121,121,12.2
122,122,14.3
123,123,18.4
124,124,10.7
125,125,7.8
126,126,8.1
127,127,7.5
128,128,8.2
129,129,8.1
130,130,11.6
131,131,13.0
132,132,13.5
133,133,9.9
134,134,12.2
135,135,10.7
136,136,3.5
137,137,6.6
138,138,7.0
139,139,11.2
140,140,7.4
141,141,5.7
142,142,6.2
143,143,6.0
144,144,10.6
145,145,12.9
146,146,8.6
147,147,4.5
148,148,7.6
149,149,5.4
150,150,2.1
151,151,1.8
152,152,7.2
153,153,4.6
154,154,4.2
155,155,5.2
156,156,4.1
157,157,3.2
158,158,4.3
159,159,3.7
160,160,5.4
161,161,4.3
162,162,3.6
163,163,3.6
164,164,6.9
165,165,10.3
166,166,12.4
167,167,3.0
168,168,2.6
169,169,3.7
170,170,5.1
171,171,4.4
172,172,4.7
173,173,6.2
174,174,6.7
175,175,9.3
176,176,11.6
177,177,8.0
178,178,2.6
179,179,2.2
180,180,2.2
181,181,1.7
182,182,8.0
183,183,8.4
184,184,10.6
185,185,8.9
186,186,2.8
187,187,1.7
188,188,4.7
189,189,9.0
190,190,6.3
191,191,3.0
192,192,-2.0
193,193,-1.3
194,194,1.8
195,195,2.0
196,196,0.5
197,197,1.2
198,198,0.6
199,199,0.5
200,200,0.5
201,201,0.9
202,202,7.0
203,203,5.0
204,204,3.9
205,205,7.7
206,206,4.7
207,207,6.9
208,208,8.4
209,209,9.3
210,210,8.2
211,211,9.1
212,212,8.3
213,213,8.8
214,214,7.6
215,215,5.7
216,216,3.4
217,217,0.0
218,218,-1.5
219,219,-1.7
220,220,-0.4
221,221,0.1
222,222,4.8
223,223,8.1
224,224,5.9
225,225,6.9
226,226,2.9
227,227,-0.6
228,228,-0.3
229,229,-1.0
230,230,3.2
231,231,3.6
232,232,0.8
233,233,6.6
234,234,6.0
235,235,-0.1
236,236,-0.3
237,237,2.1
238,238,1.3
239,239,4.2
240,240,8.3
241,241,3.3
242,242,6.5
243,243,7.4
244,244,7.5
245,245,8.3
246,246,3.2
247,247,5.7
248,248,5.1
249,249,8.0
250,250,-0.8
251,251,-1.0
252,252,1.9
253,253,5.9
254,254,6.9
255,255,7.7
256,256,6.8
257,257,2.7
258,258,5.1
259,259,4.2
260,260,0.6
261,261,1.6
262,262,5.5
263,263,7.3
264,264,0.2
265,265,5.8
266,266,8.9
267,267,7.1
268,268,4.2
269,269,1.1
270,270,1.1
271,271,7.2
272,272,6.3
273,273,6.7
274,274,5.1
275,275,1.0
276,276,6.1
277,277,6.3
278,278,2.1
279,279,1.6
280,280,8.3
281,281,5.7
282,282,7.5
283,283,2.6
284,284,
285,285,6.5
286,286,13.2
287,287,4.3
288,288,1.6
289,289,2.8
290,290,6.3
291,291,7.4
292,292,5.4
293,293,8.0
294,294,3.7
295,295,11.5
296,296,9.3
297,297,8.2
298,298,5.3
299,299,6.8
300,300,4.5
301,301,5.5
302,302,1.7
303,303,4.0
304,304,8.9
305,305,11.7
306,306,8.5
307,307,9.6
308,308,8.3
309,309,5.2
310,310,3.8
311,311,1.2
312,312,3.2
313,313,4.6
314,314,6.4
315,315,5.8
316,316,6.6
317,317,9.5
318,318,9.7
319,319,4.1
320,320,4.6
321,321,5.1
322,322,5.1
323,323,6.9
324,324,8.8
325,325,9.1
326,326,8.1
327,327,7.4
328,328,10.6
329,329,10.8
330,330,5.9
331,331,11.3
332,332,14.5
333,333,13.7
334,334,15.6
335,335,17.8
336,336,18.7
337,337,18.7
338,338,10.0
339,339,6.6
340,340,10.8
341,341,11.3
342,342,13.5
343,343,15.4
344,344,15.9
345,345,17.1
346,346,16.7
347,347,18.1
348,348,13.4
349,349,17.2
350,350,15.3
351,351,12.1
352,352,11.4
353,353,18.6
354,354,15.3
355,355,19.3
356,356,18.3
357,357,11.9
358,358,12.8
359,359,17.2
360,360,21.0
361,361,15.9
362,362,17.1
363,363,12.8
364,364,13.2
365,365,12.3
366,366,10.6
367,367,11.4
368,368,12.3
369,369,10.7
370,370,11.1
371,371,13.4
372,372,18.2
373,373,9.2
374,374,14.2
375,375,9.2
376,376,9.0
377,377,11.8
378,378,13.6
379,379,13.1
380,380,14.6
381,381,14.5
382,382,12.2
383,383,11.1
384,384,12.0
385,385,12.7
386,386,15.1
387,387,18.1
388,388,22.9
389,389,18.8
390,390,17.1
391,391,17.6
392,392,17.8
393,393,18.7
394,394,19.8
395,395,21.1
396,396,19.4
397,397,18.6
398,398,12.2
399,399,14.8
400,400,15.0
401,401,16.3
402,402,15.0
403,403,17.4
404,404,19.6
405,405,20.6
406,406,21.0
407,407,24.5
408,408,22.6
409,409,15.7
410,410,17.2
411,411,21.8
412,412,16.8
413,413,10.5
414,414,8.7
415,415,11.0
416,416,15.4
417,417,19.2
418,418,24.7
419,419,14.4
420,420,14.3
421,421,15.1
422,422,17.7
423,423,15.2
424,424,16.0
425,425,18.9
426,426,21.7
427,427,21.0
428,428,17.8
429,429,17.9
430,430,23.5
431,431,19.2
432,432,19.5
433,433,20.3
434,434,23.0
435,435,22.1
436,436,21.7
437,437,21.5
438,438,22.5
439,439,20.8
440,440,20.5
441,441,17.8
442,442,17.6
443,443,15.5
444,444,
445,445,16.4
446,446,15.7
447,447,19.6
448,448,20.2
449,449,12.5
450,450,12.8
451,451,15.0
452,452,17.2
453,453,
454,454,18.2
455,455,14.4
456,456,11.2
457,457,12.5
458,458,15.1
459,459,
460,460,18.8
461,461,18.3
462,462,18.1
463,463,15.7
464,464,8.8
465,465,12.3
466,466,10.6
467,467,11.5
468,468,12.2
469,469,13.2
470,470,12.5
471,471,13.3
472,472,15.1
473,473,14.9
474,474,16.7
475,475,16.8
476,476,9.1
477,477,8.3
478,478,10.5
479,479,11.6
480,480,12.6
481,481,15.6
482,482,17.2
483,483,18.2
484,484,16.5
485,485,13.4
486,486,11.6
487,487,10.0
488,488,12.4
489,489,12.5
490,490,10.3
491,491,10.6
492,492,15.7
493,493,13.5
494,494,10.1
495,495,14.1
496,496,14.2
497,497,5.6
498,498,4.6
499,499,5.1
500,500,6.1
501,501,7.7
502,502,8.5
503,503,10.1
504,504,11.2
505,505,11.8
506,506,12.3
507,507,11.4
508,508,11.3
509,509,15.4
510,510,10.8
511,511,5.1
512,512,7.1
513,513,9.7
514,514,10.5
515,515,5.6
516,516,5.9
517,517,4.8
518,518,6.8
519,519,8.0
520,520,8.9
521,521,7.1
522,522,5.7
523,523,9.6
524,524,5.7
525,525,5.0
526,526,3.0
527,527,1.3
528,528,1.0
529,529,3.1
530,530,2.2
531,531,1.7
532,532,4.5
533,533,1.6
534,534,1.4
535,535,2.1
536,536,1.7
537,537,1.1
538,538,0.9
539,539,5.2
540,540,10.2
541,541,8.4
542,542,5.7
543,543,6.4
544,544,9.4
545,545,8.8
546,546,10.7
547,547,4.2
548,548,4.3
549,549,3.4
550,550,3.1
551,551,1.7
552,552,5.0
553,553,0.4
554,554,3.1
555,555,5.3
556,556,4.9
557,557,7.2
558,558,0.0
559,559,-1.0
560,560,-2.0
561,561,-0.3
562,562,1.5
563,563,7.4
564,564,3.0
565,565,6.9
566,566,3.6
567,567,5.0
568,568,3.0
569,569,3.5
570,570,3.4
571,571,7.0
572,572,6.2
573,573,0.6
574,574,-0.6
575,575,2.3
576,576,5.1
577,577,3.2
578,578,0.2
579,579,1.0
580,580,1.5
581,581,1.8
582,582,2.3
583,583,1.5
584,584,2.1
585,585,0.0
586,586,1.5
587,587,5.0
588,588,3.5
589,589,3.5
590,590,6.2
591,591,3.4
592,592,0.6
593,593,-0.4
594,594,0.7
595,595,5.0
596,596,0.5
597,597,0.6
598,598,-0.5
599,599,0.1
600,600,1.0
601,601,2.5
602,602,1.9
603,603,-1.2
604,604,2.1
605,605,5.8
606,606,8.9
607,607,7.5
608,608,7.5
609,609,5.4
610,610,1.2
611,611,1.2
612,612,
613,613,0.7
614,614,-0.6
615,615,-1.3
616,616,0.3
617,617,4.4
618,618,7.2
619,619,4.5
620,620,1.6
621,621,3.2
622,622,7.2
623,623,6.4
624,624,-1.0
625,625,1.3
626,626,5.0
627,627,4.5
628,628,6.3
629,629,2.1
630,630,4.1
631,631,6.4
632,632,4.2
633,633,5.4
634,634,6.8
635,635,0.9
636,636,1.9
637,637,2.3
638,638,2.9
639,639,7.1
640,640,10.0
641,641,7.1
642,642,10.1
643,643,9.8
644,644,6.8
645,645,2.3
646,646,1.7
647,647,7.2
648,648,8.1
649,649,2.6
650,650,4.5
651,651,6.0
652,652,5.8
653,653,5.5
654,654,7.5
655,655,4.3
656,656,3.3
657,657,2.4
658,658,2.8
659,659,5.0
660,660,8.6
661,661,5.7
662,662,3.7
663,663,5.6
664,664,5.4
665,665,6.5
666,666,5.4
667,667,3.7
668,668,-0.1
669,669,4.1
670,670,4.8
671,671,7.4
672,672,8.2
673,673,10.1
674,674,11.1
675,675,7.3
676,676,4.2
677,677,5.4
678,678,8.2
679,679,7.6
680,680,14.5
681,681,14.7
682,682,12.7
683,683,13.8
684,684,4.8
685,685,6.3
686,686,9.2
687,687,4.8
688,688,5.7
689,689,8.0
690,690,9.5
691,691,14.8
692,692,8.2
693,693,10.9
694,694,8.8
695,695,10.2
696,696,8.8
697,697,10.3
698,698,16.0
699,699,13.8
700,700,10.2
701,701,7.1
702,702,10.7
703,703,10.1
704,704,11.1
705,705,7.5
706,706,9.3
707,707,14.7
708,708,11.6
709,709,15.5
710,710,15.2
711,711,17.5
712,712,21.1
713,713,19.2
714,714,15.9
715,715,11.4
716,716,8.8
717,717,9.1
718,718,12.1
719,719,12.0
720,720,12.7
721,721,14.7
722,722,14.8
723,723,18.1
724,724,18.9
725,725,17.9
726,726,14.8
727,727,17.8
728,728,13.6
729,729,14.4
730,730,16.7
731,731,16.1
732,732,15.7
733,733,17.3
734,734,16.6
735,735,18.9
736,736,21.3
737,737,20.3
738,738,18.0
739,739,16.7
740,740,11.2
741,741,15.0
742,742,10.5
743,743,13.7
744,744,16.1
745,745,15.1
746,746,10.3
747,747,14.0
748,748,10.4
749,749,8.6
750,750,9.9
751,751,9.4
752,752,12.3
753,753,13.9
754,754,19.3
755,755,17.5
756,756,11.3
757,757,9.1
758,758,13.5
759,759,14.8
760,760,15.7
761,761,23.2
762,762,20.1
763,763,13.6
764,764,13.9
765,765,16.0
766,766,16.5
767,767,16.1
768,768,17.8
769,769,20.1
770,770,20.1
771,771,21.6
772,772,21.5
773,773,22.1
774,774,24.0
775,775,19.9
776,776,18.5
777,777,19.8
778,778,12.9
779,779,12.9
780,780,16.1
781,781,17.8
782,782,19.8
783,783,20.7
784,784,19.8
785,785,14.9
786,786,21.1
787,787,14.3
788,788,12.6
789,789,14.5
790,790,16.7
791,791,19.9
792,792,20.5
793,793,21.9
794,794,21.9
795,795,22.5
796,796,20.4
797,797,14.7
798,798,10.8
799,799,13.4
800,800,15.0
801,801,17.0
802,802,19.8
803,803,18.7
804,804,15.1
805,805,14.5
806,806,16.4
807,807,18.9
808,808,18.9
809,809,19.3
810,810,21.7
811,811,16.7
812,812,10.1
813,813,12.3
814,814,12.6
815,815,13.9
816,816,16.5
817,817,15.6
818,818,19.6
819,819,17.9
820,820,16.0
821,821,8.8
822,822,8.4
823,823,8.6
824,824,11.5
825,825,9.6
826,826,10.6
827,827,11.4
828,828,16.8
829,829,18.7
830,830,16.8
831,831,17.2
832,832,19.6
833,833,18.2
834,834,16.3
835,835,17.1
836,836,12.1
837,837,12.8
838,838,13.3
839,839,13.9
840,840,18.2
841,841,18.6
842,842,16.3
843,843,13.9
844,844,13.3
845,845,9.6
846,846,9.8
847,847,10.2
848,848,11.5
849,849,12.3
850,850,7.2
851,851,8.7
852,852,12.3
853,853,9.0
854,854,6.7
855,855,4.4
856,856,2.8
857,857,3.4
858,858,2.1
859,859,3.8
860,860,1.1
861,861,3.0
862,862,0.2
863,863,3.8
864,864,3.8
865,865,-0.7
866,866,0.8
867,867,0.5
868,868,2.3
869,869,2.7
870,870,4.5
871,871,3.3
872,872,5.8
873,873,10.2
874,874,8.9
875,875,3.1
876,876,1.3
877,877,1.9
878,878,2.6
879,879,2.5
880,880,3.6
881,881,2.8
882,882,3.1
883,883,2.9
884,884,4.3
885,885,8.5
886,886,2.2
887,887,4.9
888,888,-0.5
889,889,1.5
890,890,2.9
891,891,-1.1
892,892,-1.4
893,893,1.0
894,894,-0.3
895,895,1.7
896,896,0.5
897,897,1.0
898,898,3.0
899,899,5.7
900,900,3.3
901,901,7.6
902,902,6.6
903,903,5.9
904,904,6.2
905,905,2.9
906,906,5.5
907,907,3.2
908,908,0.9
909,909,-0.2
910,910,0.9
911,911,0.3
912,912,0.3
913,913,0.2
914,914,2.9
915,915,6.3
916,916,6.9
917,917,7.0
918,918,6.8
919,919,-0.5
920,920,4.3
921,921,6.4
922,922,4.7
923,923,5.7
924,924,7.1
925,925,-0.3
926,926,-1.6
927,927,0.2
928,928,5.3
929,929,8.4
930,930,0.4
931,931,0.3
932,932,3.5
933,933,6.9
934,934,0.1
935,935,1.6
936,936,5.5
937,937,4.1
938,938,0.5
939,939,0.2
940,940,-1.4
941,941,0.6
942,942,4.9
943,943,3.4
944,944,6.5
945,945,3.9
946,946,7.1
947,947,5.6
948,948,9.9
949,949,5.3
950,950,7.1
951,951,3.1
952,952,6.3
953,953,3.4
954,954,1.6
955,955,0.7
956,956,4.3
957,957,3.9
958,958,9.0
959,959,7.1
960,960,7.4
961,961,6.9
962,962,3.2
963,963,2.1
964,964,1.8
965,965,2.5
966,966,2.4
967,967,2.5
968,968,1.9
969,969,0.8
970,970,0.4
971,971,1.4
972,972,0.6
973,973,0.4
974,974,2.6
975,975,2.8
976,976,2.6
977,977,6.5
978,978,4.8
979,979,10.8
980,980,-0.1
981,981,0.4
982,982,2.7
983,983,4.0
984,984,
985,985,
986,986,
987,987,0.9
988,988,1.7
989,989,4.4
990,990,3.7
991,991,5.5
992,992,5.3
993,993,10.1
994,994,1.7
995,995,4.4
996,996,10.0
997,997,1.9
998,998,8.6
999,999,3.1
1000,1000,7.0
1001,1001,11.5
1002,1002,10.7
1003,1003,7.5
1004,1004,8.2
1005,1005,4.2
1006,1006,2.9
1007,1007,4.1
1008,1008,5.6
1009,1009,10.2
1010,1010,11.1
1011,1011,8.7
1012,1012,10.7
1013,1013,3.2
1014,1014,5.9
1015,1015,2.6
1016,1016,5.3
1017,1017,10.0
1018,1018,10.3
1019,1019,9.1
1020,1020,4.3
1021,1021,5.2
1022,1022,5.7
1023,1023,8.3
1024,1024,11.3
1025,1025,13.3
1026,1026,11.7
1027,1027,18.0
1028,1028,11.9
1029,1029,11.7
1030,1030,8.8
1031,1031,12.4
1032,1032,16.7
1033,1033,9.9
1034,1034,6.4
1035,1035,9.3
1036,1036,11.4
1037,1037,9.3
1038,1038,8.1
1039,1039,9.8
1040,1040,13.8
1041,1041,15.8
1042,1042,16.7
1043,1043,15.7
1044,1044,13.9
1045,1045,9.6
1046,1046,12.5
1047,1047,13.0
1048,1048,16.1
1049,1049,11.9
1050,1050,16.0
1051,1051,12.8
1052,1052,15.1
1053,1053,19.9
1054,1054,17.4
1055,1055,8.1
1056,1056,11.9
1057,1057,10.0
1058,1058,10.8
1059,1059,15.0
1060,1060,15.0
1061,1061,15.0
1062,1062,12.0
1063,1063,18.4
1064,1064,19.2
1065,1065,7.2
1066,1066,10.6
1067,1067,10.2
1068,1068,9.7
1069,1069,9.6
1070,1070,8.5
1071,1071,12.6
1072,1072,15.0
1073,1073,13.6
1074,1074,17.8
1075,1075,15.8
1076,1076,10.9
1077,1077,12.6
1078,1078,11.0
1079,1079,11.7
1080,1080,14.2
1081,1081,14.0
1082,1082,19.3
1083,1083,18.7
1084,1084,13.4
1085,1085,18.6
1086,1086,16.4
1087,1087,15.2
1088,1088,16.0
1089,1089,17.4
1090,1090,17.0
1091,1091,15.0
1092,1092,15.2
1093,1093,13.8
1094,1094,15.0
1095,1095,15.8
1096,1096,15.7
1097,1097,17.8
1098,1098,19.7
1099,1099,20.5
1100,1100,13.3
1101,1101,12.6
1102,1102,11.7
1103,1103,19.1
1104,1104,12.7
1105,1105,10.8
1106,1106,12.0
1107,1107,6.2
1108,1108,9.9
1109,1109,13.3
1110,1110,15.1
1111,1111,16.5
1112,1112,18.9
1113,1113,16.1
1114,1114,17.8
1115,1115,20.1
1116,1116,18.5
1117,1117,20.9
1118,1118,14.0
1119,1119,16.3
1120,1120,17.8
1121,1121,17.5
1122,1122,19.9
1123,1123,19.9
1124,1124,20.0
1125,1125,20.8
1126,1126,15.1
1127,1127,14.9
1128,1128,15.2
1129,1129,17.0
1130,1130,15.5
1131,1131,16.0
1132,1132,11.1
1133,1133,10.9
1134,1134,12.0
1135,1135,14.8
1136,1136,13.8
1137,1137,11.5
1138,1138,12.0
1139,1139,13.5
1140,1140,14.7
1141,1141,15.0
1142,1142,16.9
1143,1143,17.6
1144,1144,15.9
1145,1145,19.6
1146,1146,16.1
1147,1147,13.5
1148,1148,14.5
1149,1149,13.7
1150,1150,14.2
1151,1151,15.2
1152,1152,17.6
1153,1153,18.5
1154,1154,18.8
1155,1155,19.5
1156,1156,17.1
1157,1157,17.0
1158,1158,18.8
1159,1159,16.7
1160,1160,11.8
1161,1161,12.4
1162,1162,15.8
1163,1163,15.1
1164,1164,12.1
1165,1165,10.8
1166,1166,10.0
1167,1167,13.1
1168,1168,13.7
1169,1169,15.5
1170,1170,17.2
1171,1171,19.2
1172,1172,12.6
1173,1173,10.4
1174,1174,11.6
1175,1175,12.4
1176,1176,16.5
1177,1177,8.2
1178,1178,11.0
1179,1179,8.9
1180,1180,6.2
1181,1181,7.7
1182,1182,10.6
1183,1183,13.5
1184,1184,9.4
1185,1185,11.0
1186,1186,10.2
1187,1187,12.6
1188,1188,11.1
1189,1189,12.9
1190,1190,13.1
1191,1191,12.7
1192,1192,14.5
1193,1193,10.1
1194,1194,5.4
1195,1195,5.0
1196,1196,1.0
1197,1197,3.0
1198,1198,4.3
1199,1199,4.8
1200,1200,6.7
1201,1201,9.4
1202,1202,8.2
1203,1203,9.9
1204,1204,13.7
1205,1205,16.9
1206,1206,14.6
1207,1207,11.2
1208,1208,14.0
1209,1209,12.2
1210,1210,10.0
1211,1211,7.3
1212,1212,5.0
1213,1213,5.5
1214,1214,5.4
1215,1215,4.6
1216,1216,4.4
1217,1217,6.8
1218,1218,7.6
1219,1219,2.0
1220,1220,3.5
1221,1221,3.2
1222,1222,4.1
1223,1223,4.0
1224,1224,5.5
1225,1225,7.2
1226,1226,7.5
1227,1227,6.2
1228,1228,1.0
1229,1229,6.4
1230,1230,-0.4
1231,1231,0.4
1232,1232,3.2
1233,1233,2.3
1234,1234,2.3
1235,1235,2.6
1236,1236,1.9
1237,1237,0.9
1238,1238,1.9
1239,1239,4.2
1240,1240,7.8
1241,1241,5.5
1242,1242,6.7
1243,1243,5.7
1244,1244,1.9
1245,1245,1.7
1246,1246,2.1
1247,1247,1.1
1248,1248,3.5
1249,1249,2.2
1250,1250,5.7
1251,1251,4.8
1252,1252,6.2
1253,1253,-1.0
1254,1254,0.1
1255,1255,-0.8
1256,1256,0.0
1257,1257,0.2
1258,1258,-0.3
1259,1259,0.4
1260,1260,0.2
1261,1261,2.3
1262,1262,7.3
1263,1263,1.4
1264,1264,4.4
1265,1265,1.3
1266,1266,5.6
1267,1267,-1.3
1268,1268,3.0
1269,1269,7.5
1270,1270,-1.7
1271,1271,0.2
1272,1272,3.1
1273,1273,2.4
1274,1274,1.8
1275,1275,1.2
1276,1276,5.5
1277,1277,0.6
1278,1278,3.7
1279,1279,6.4
1280,1280,0.3
1281,1281,-0.2
1282,1282,-1.0
1283,1283,-2.0
1284,1284,-2.5
1285,1285,-1.6
1286,1286,0.2
1287,1287,5.2
1288,1288,9.0
1289,1289,3.8
1290,1290,7.1
1291,1291,9.8
1292,1292,6.4
1293,1293,7.2
1294,1294,8.7
1295,1295,7.7
1296,1296,-0.8
1297,1297,2.3
1298,1298,1.4
1299,1299,0.0
1300,1300,-0.1
1301,1301,0.4
1302,1302,2.9
1303,1303,7.0
1304,1304,6.7
1305,1305,4.1
1306,1306,1.1
1307,1307,-0.6
1308,1308,-1.3
1309,1309,-0.5
1310,1310,-1.8
1311,1311,2.5
1312,1312,1.5
1313,1313,3.0
1314,1314,4.1
1315,1315,2.6
1316,1316,-0.5
1317,1317,5.7
1318,1318,-0.5
1319,1319,-0.7
1320,1320,0.6
1321,1321,-0.1
1322,1322,1.9
1323,1323,2.1
1324,1324,6.2
1325,1325,6.4
1326,1326,3.0
1327,1327,0.6
1328,1328,2.1
1329,1329,2.1
1330,1330,6.2
1331,1331,8.2
1332,1332,5.3
1333,1333,6.1
1334,1334,7.0
1335,1335,-0.2
1336,1336,1.2
1337,1337,2.9
1338,1338,6.2
1339,1339,3.4
1340,1340,-1.3
1341,1341,0.0
1342,1342,0.6
1343,1343,4.3
1344,1344,2.7
1345,1345,7.7
1346,1346,6.8
1347,1347,7.5
1348,1348,6.8
1349,1349,3.5
1350,1350,2.7
1351,1351,2.6
1352,1352,9.1
1353,1353,0.8
1354,1354,2.4
1355,1355,3.0
1356,1356,4.7
1357,1357,5.0
1358,1358,8.4
1359,1359,10.4
1360,1360,11.9
1361,1361,5.1
1362,1362,4.2
1363,1363,5.3
1364,1364,0.8
1365,1365,2.5
1366,1366,7.6
1367,1367,14.3
1368,1368,8.1
1369,1369,2.6
1370,1370,1.8
1371,1371,4.6
1372,1372,5.2
1373,1373,5.6
1374,1374,7.5
1375,1375,11.7
1376,1376,2.7
1377,1377,3.5
1378,1378,3.5
1379,1379,5.6
1380,1380,7.4
1381,1381,5.0
1382,1382,4.0
1383,1383,4.7
1384,1384,6.4
1385,1385,8.7
1386,1386,5.2
1387,1387,5.5
1388,1388,8.5
1389,1389,8.8
1390,1390,7.9
1391,1391,5.8
1392,1392,4.4
1393,1393,5.4
1394,1394,12.7
1395,1395,7.1
1396,1396,6.3
1397,1397,6.2
1398,1398,9.0
1399,1399,11.0
1400,1400,10.8
1401,1401,17.3
1402,1402,6.4
1403,1403,9.2
1404,1404,9.2
1405,1405,11.6
1406,1406,17.8
1407,1407,18.4
1408,1408,16.1
1409,1409,10.3
1410,1410,6.5
1411,1411,8.3
1412,1412,9.3
1413,1413,9.1
1414,1414,9.9
1415,1415,10.0
1416,1416,13.1
1417,1417,9.0
1418,1418,7.2
1419,1419,5.8
1420,1420,8.3
1421,1421,12.3
1422,1422,10.9
1423,1423,11.1
1424,1424,12.4
1425,1425,15.3
1426,1426,16.6
1427,1427,15.9
1428,1428,16.8
1429,1429,17.8
1430,1430,23.0
1431,1431,12.1
1432,1432,13.8
1433,1433,15.8
1434,1434,18.6
1435,1435,19.8
1436,1436,20.9
1437,1437,21.9
1438,1438,21.9
1439,1439,13.3
1440,1440,11.2
1441,1441,14.5
1442,1442,17.0
1443,1443,18.1
1444,1444,8.9
1445,1445,11.2
1446,1446,13.6
1447,1447,15.5
1448,1448,18.9
1449,1449,18.1
1450,1450,16.4
1451,1451,19.2
1452,1452,16.6
1453,1453,15.7
1454,1454,15.9
1455,1455,21.2
1456,1456,21.6
1457,1457,15.3
1458,1458,18.4
1459,1459,20.4
1460,1460,9.9
1461,1461,11.5
1462,1462,16.9
1463,1463,14.3
1464,1464,12.0
1465,1465,12.8
1466,1466,13.5
1467,1467,14.4
1468,1468,16.6
1469,1469,17.9
1470,1470,18.6
1471,1471,19.7
1472,1472,20.1
1473,1473,19.4
1474,1474,17.7
1475,1475,15.5
1476,1476,13.8
1477,1477,12.0
1478,1478,11.1
1479,1479,7.1
1480,1480,9.1
1481,1481,9.9
1482,1482,14.9
1483,1483,10.1
1484,1484,9.0
1485,1485,9.5
1486,1486,10.3
1487,1487,14.9
1488,1488,13.8
1489,1489,18.3
1490,1490,6.6
1491,1491,7.0
1492,1492,10.9
1493,1493,8.4
1494,1494,8.5
1495,1495,8.6
1496,1496,8.9
1497,1497,10.3
1498,1498,11.2
1499,1499,10.0
1500,1500,11.5
1501,1501,10.7
1502,1502,10.3
1503,1503,10.3
1504,1504,11.4
1505,1505,10.4
1506,1506,14.4
1507,1507,14.5
1508,1508,8.3
1509,1509,8.9
1510,1510,8.6
1511,1511,5.1
1512,1512,2.6
1513,1513,4.0
1514,1514,10.6
1515,1515,10.9
1516,1516,6.0
1517,1517,5.7
1518,1518,6.0
1519,1519,5.6
1520,1520,7.9
1521,1521,7.9
1522,1522,8.6
1523,1523,9.3
1524,1524,2.5
1525,1525,1.7
1526,1526,6.6
1527,1527,1.6
1528,1528,2.5
1529,1529,3.9
1530,1530,7.7
1531,1531,4.7
1532,1532,6.2
1533,1533,5.7
1534,1534,5.0
1535,1535,11.3
1536,1536,1.9
1537,1537,6.1
1538,1538,9.1
1539,1539,3.5
1540,1540,1.4
1541,1541,0.6
1542,1542,2.9
1543,1543,5.3
1544,1544,2.8
1545,1545,5.4
1546,1546,1.4
1547,1547,-0.2
1548,1548,1.3
1549,1549,1.1
1550,1550,2.7
1551,1551,4.2
1552,1552,7.8
1553,1553,11.2
1554,1554,10.3
1555,1555,11.4
1556,1556,0.6
1557,1557,1.9
1558,1558,3.5
1559,1559,5.8
1560,1560,8.5
1561,1561,1.7
1562,1562,0.6
1563,1563,3.1
1564,1564,3.4
1565,1565,4.9
1566,1566,10.0
1567,1567,4.3
1568,1568,1.2
1569,1569,-0.2
1570,1570,0.3
1571,1571,3.1
1572,1572,0.8
1573,1573,0.0
1574,1574,-0.5
1575,1575,-1.3
1576,1576,-0.4
1577,1577,2.0
1578,1578,7.8
1579,1579,0.9
1580,1580,-0.1
1581,1581,2.0
1582,1582,4.3
1583,1583,1.4
1584,1584,2.0
1585,1585,7.4
1586,1586,3.1
1587,1587,1.9
1588,1588,8.4
1589,1589,4.8
1590,1590,6.1
1591,1591,4.6
1592,1592,-0.5
1593,1593,3.2
1594,1594,1.7
1595,1595,1.5
1596,1596,5.0
1597,1597,8.0
1598,1598,11.1
1599,1599,10.1
1600,1600,11.1
1601,1601,12.1
1602,1602,13.5
1603,1603,8.3
1604,1604,4.5
1605,1605,4.4
1606,1606,3.4
1607,1607,1.9
1608,1608,0.8
1609,1609,3.5
1610,1610,0.3
1611,1611,3.0
1612,1612,6.2
1613,1613,5.7
1614,1614,5.0
1615,1615,2.8
1616,1616,7.0
1617,1617,4.7
1618,1618,6.3
1619,1619,7.4
1620,1620,8.0
1621,1621,3.4
1622,1622,5.9
1623,1623,2.6
1624,1624,5.7
1625,1625,2.9
1626,1626,5.8
1627,1627,4.6
1628,1628,7.4
1629,1629,1.8
1630,1630,2.1
1631,1631,6.4
1632,1632,4.7
1633,1633,6.6
1634,1634,1.5
1635,1635,2.2
1636,1636,6.4
1637,1637,8.6
1638,1638,6.0
1639,1639,8.1
1640,1640,9.5
1641,1641,8.1
1642,1642,5.4
1643,1643,9.8
1644,1644,10.2
1645,1645,6.1
1646,1646,5.3
1647,1647,7.0
1648,1648,8.0
1649,1649,7.5
1650,1650,11.9
1651,1651,13.6
1652,1652,10.1
1653,1653,4.8
1654,1654,7.9
1655,1655,12.5
1656,1656,6.2
1657,1657,2.4
1658,1658,2.6
1659,1659,6.4
1660,1660,3.7
1661,1661,7.7
1662,1662,10.8
1663,1663,11.2
1664,1664,7.7
1665,1665,7.3
1666,1666,5.2
1667,1667,5.8
1668,1668,6.1
1669,1669,14.2
1670,1670,10.6
1671,1671,10.3
1672,1672,2.6
1673,1673,7.4
1674,1674,3.7
1675,1675,7.0
1676,1676,15.8
1677,1677,3.7
1678,1678,6.8
1679,1679,3.2
1680,1680,5.5
1681,1681,6.2
1682,1682,4.9
1683,1683,5.6
1684,1684,5.6
1685,1685,11.1
1686,1686,
1687,1687,5.2
1688,1688,6.8
1689,1689,4.6
1690,1690,2.5
1691,1691,3.8
1692,1692,11.2
1693,1693,0.8
1694,1694,3.6
1695,1695,7.4
1696,1696,10.8
1697,1697,16.0
1698,1698,13.3
1699,1699,7.9
1700,1700,2.1
1701,1701,5.0
1702,1702,5.3
1703,1703,10.6
1704,1704,9.4
1705,1705,6.0
1706,1706,6.3
1707,1707,7.6
1708,1708,8.6
1709,1709,10.1
1710,1710,3.1
1711,1711,6.3
1712,1712,6.9
1713,1713,8.9
1714,1714,17.7
1715,1715,9.3
1716,1716,10.5
1717,1717,10.6
1718,1718,12.1
1719,1719,10.1
1720,1720,8.2
1721,1721,5.1
1722,1722,12.4
1723,1723,9.1
1724,1724,9.5
1725,1725,10.2
1726,1726,11.3
1727,1727,16.8
1728,1728,10.6
1729,1729,8.1
1730,1730,8.6
1731,1731,11.5
1732,1732,8.2
1733,1733,10.5
1734,1734,14.2
1735,1735,13.1
1736,1736,9.0
1737,1737,9.9
1738,1738,15.6
1739,1739,15.1
1740,1740,21.5
1741,1741,10.1
1742,1742,5.8
1743,1743,7.7
1744,1744,10.2
1745,1745,18.1
1746,1746,12.1
1747,1747,10.9
1748,1748,9.9
1749,1749,11.2
1750,1750,14.4
1751,1751,12.8
1752,1752,15.8
1753,1753,16.9
1754,1754,18.8
1755,1755,19.2
1756,1756,22.2
1757,1757,23.7
1758,1758,25.2
1759,1759,18.3
1760,1760,11.6
1761,1761,15.7
1762,1762,14.9
1763,1763,14.0
1764,1764,14.4
1765,1765,16.1
1766,1766,11.7
1767,1767,10.4
1768,1768,12.0
1769,1769,16.7
1770,1770,18.9
1771,1771,13.1
1772,1772,8.4
1773,1773,12.1
1774,1774,9.8
1775,1775,14.2
1776,1776,16.9
1777,1777,14.4
1778,1778,16.5
1779,1779,18.8
1780,1780,17.1
1781,1781,18.6
1782,1782,21.0
1783,1783,23.0
1784,1784,21.7
1785,1785,22.0
1786,1786,21.3
1787,1787,19.0
1788,1788,17.9
1789,1789,15.8
1790,1790,16.2
1791,1791,20.1
1792,1792,13.3
1793,1793,12.4
1794,1794,14.8
1795,1795,16.4
1796,1796,18.8
1797,1797,20.6
1798,1798,21.8
1799,1799,23.2
1800,1800,20.7
1801,1801,20.5
1802,1802,21.0
1803,1803,16.7
1804,1804,16.6
1805,1805,16.7
1806,1806,18.4
1807,1807,18.8
1808,1808,18.6
1809,1809,13.9
1810,1810,17.0
1811,1811,21.8
1812,1812,21.3
1813,1813,19.2
1814,1814,20.0
1815,1815,13.0
1816,1816,15.3
1817,1817,18.1
1818,1818,11.6
1819,1819,8.4
1820,1820,10.6
1821,1821,13.1
1822,1822,14.5
1823,1823,14.8
1824,1824,17.5
1825,1825,10.8
1826,1826,16.4
1827,1827,17.0
1828,1828,15.8
1829,1829,15.9
1830,1830,15.9
1831,1831,19.7
1832,1832,16.1
1833,1833,10.2
1834,1834,13.3
1835,1835,14.0
1836,1836,14.9
1837,1837,18.6
1838,1838,19.0
1839,1839,12.1
1840,1840,14.4
1841,1841,12.6
1842,1842,13.0
1843,1843,9.4
1844,1844,12.8
1845,1845,9.9
1846,1846,10.3
1847,1847,16.0
1848,1848,14.0
1849,1849,8.6
1850,1850,10.6
1851,1851,13.8
1852,1852,14.4
1853,1853,17.4
1854,1854,17.6
1855,1855,14.6
1856,1856,13.8
1857,1857,11.6
1858,1858,14.6
1859,1859,13.8
1860,1860,17.6
1861,1861,14.9
1862,1862,14.5
1863,1863,11.5
1864,1864,12.8
1865,1865,12.4
1866,1866,15.8
1867,1867,15.7
1868,1868,16.4
1869,1869,10.9
1870,1870,12.1
1871,1871,13.0
1872,1872,8.2
1873,1873,8.7
1874,1874,7.0
1875,1875,7.9
1876,1876,4.3
1877,1877,3.8
1878,1878,4.0
1879,1879,8.2
1880,1880,12.3
1881,1881,9.2
1882,1882,5.3
1883,1883,11.1
1884,1884,5.3
1885,1885,7.8
1886,1886,10.4
1887,1887,10.5
1888,1888,5.5
1889,1889,5.1
1890,1890,8.4
1891,1891,7.9
1892,1892,9.1
1893,1893,9.6
1894,1894,3.2
1895,1895,2.3
1896,1896,3.3
1897,1897,8.9
1898,1898,8.1
1899,1899,6.1
1900,1900,4.9
1901,1901,4.9
1902,1902,6.1
1903,1903,6.6
1904,1904,6.5
1905,1905,9.2
1906,1906,7.8
1907,1907,10.1
1908,1908,9.4
1909,1909,8.5
1910,1910,8.1
1911,1911,11.0
1912,1912,7.7
1913,1913,8.8
1914,1914,12.4
1915,1915,10.6
1916,1916,8.8
1917,1917,6.7
1918,1918,5.5
1919,1919,10.0
1920,1920,10.1
1921,1921,11.4
1922,1922,11.0
1923,1923,6.3
1924,1924,4.7
1925,1925,2.6
1926,1926,1.0
1927,1927,1.2
1928,1928,2.5
1929,1929,1.7
1930,1930,3.8
1931,1931,7.9
1932,1932,8.2
1933,1933,6.6
1934,1934,1.7
1935,1935,5.7
1936,1936,4.2
1937,1937,5.4
1938,1938,3.2
1939,1939,6.9
1940,1940,3.6
1941,1941,5.8
1942,1942,5.7
1943,1943,5.8
1944,1944,9.2
1945,1945,8.4
1946,1946,9.0
1947,1947,6.4
1948,1948,2.0
1949,1949,4.9
1950,1950,5.5
1951,1951,4.7
1952,1952,3.6
1953,1953,4.1
1954,1954,7.2
1955,1955,4.8
1956,1956,6.1
1957,1957,5.0
1958,1958,6.7
1959,1959,7.1
1960,1960,7.4
1961,1961,-0.5
1962,1962,-0.9
1963,1963,3.5
1964,1964,6.0
1965,1965,8.1
1966,1966,3.4
1967,1967,-1.7
1968,1968,-2.1
1969,1969,0.3
1970,1970,-1.3
1971,1971,-1.5
1972,1972,1.0
1973,1973,2.2
1974,1974,4.2
1975,1975,6.7
1976,1976,2.7
1977,1977,3.0
1978,1978,7.9
1979,1979,8.9
1980,1980,4.7
1981,1981,-1.1
1982,1982,-1.7
1983,1983,-1.8
1984,1984,-2.8
1985,1985,0.1
1986,1986,3.6
1987,1987,2.0
1988,1988,1.7
1989,1989,5.5
1990,1990,-1.3
1991,1991,-1.7
1992,1992,-1.5
1993,1993,-0.7
1994,1994,0.3
1995,1995,0.9
1996,1996,6.6
1997,1997,7.6
1998,1998,4.0
1999,1999,2.0
2000,2000,2.3
2001,2001,2.6
2002,2002,2.9
2003,2003,3.8
2004,2004,2.0
2005,2005,4.7
2006,2006,3.5
2007,2007,2.3
2008,2008,2.5
2009,2009,2.3
2010,2010,2.8
2011,2011,4.6
2012,2012,6.6
2013,2013,-0.6
2014,2014,0.2
2015,2015,2.3
2016,2016,3.3
2017,2017,2.2
2018,2018,3.7
2019,2019,11.7
2020,2020,7.7
2021,2021,10.1
2022,2022,1.7
2023,2023,2.6
2024,2024,3.2
2025,2025,4.8
2026,2026,7.8
2027,2027,6.8
2028,2028,3.8
2029,2029,1.1
2030,2030,2.9
2031,2031,3.4
2032,2032,
2033,2033,
2034,2034,7.8
2035,2035,12.7
2036,2036,6.8
2037,2037,5.3
2038,2038,7.3
2039,2039,11.3
2040,2040,7.3
2041,2041,5.3
2042,2042,3.8
2043,2043,4.9
2044,2044,5.8
2045,2045,8.6
2046,2046,12.9
2047,2047,11.7
2048,2048,5.1
2049,2049,5.7
2050,2050,7.6
2051,2051,7.1
2052,2052,8.2
2053,2053,14.8
2054,2054,7.3
2055,2055,2.9
2056,2056,3.5
2057,2057,5.1
2058,2058,5.3
2059,2059,8.2
2060,2060,10.7
2061,2061,9.5
2062,2062,10.8
2063,2063,14.5
2064,2064,16.9
2065,2065,11.9
2066,2066,11.8
2067,2067,14.3
2068,2068,6.4
2069,2069,7.6
2070,2070,8.9
2071,2071,9.1
2072,2072,15.2
2073,2073,5.5
2074,2074,5.8
2075,2075,9.6
2076,2076,12.0
2077,2077,7.8
2078,2078,9.2
2079,2079,11.1
2080,2080,13.6
2081,2081,10.0
2082,2082,9.4
2083,2083,9.9
2084,2084,12.7
2085,2085,14.2
2086,2086,17.5
2087,2087,14.6
2088,2088,8.3
2089,2089,9.4
2090,2090,10.4
2091,2091,11.8
2092,2092,18.5
2093,2093,12.6
2094,2094,17.3
2095,2095,19.8
2096,2096,10.1
2097,2097,9.7
2098,2098,12.8
2099,2099,12.5
2100,2100,14.7
2101,2101,20.6
2102,2102,20.5
2103,2103,15.5
2104,2104,14.8
2105,2105,17.5
2106,2106,17.2
2107,2107,16.0
2108,2108,15.7
2109,2109,13.9
2110,2110,13.9
2111,2111,15.0
2112,2112,15.8
2113,2113,12.9
2114,2114,13.0
2115,2115,13.1
2116,2116,14.2
2117,2117,20.3
2118,2118,11.7
2119,2119,10.5
2120,2120,10.2
2121,2121,11.1
2122,2122,14.1
2123,2123,17.5
2124,2124,21.2
2125,2125,18.0
2126,2126,14.4
2127,2127,15.1
2128,2128,9.9
2129,2129,16.2
2130,2130,17.7
2131,2131,12.0
2132,2132,10.1
2133,2133,11.4
2134,2134,15.5
2135,2135,17.1
2136,2136,26.0
2137,2137,19.0
2138,2138,20.5
2139,2139,20.3
2140,2140,20.7
2141,2141,20.4
2142,2142,19.7
2143,2143,18.4
2144,2144,17.6
2145,2145,18.1
2146,2146,17.9
2147,2147,13.5
2148,2148,11.4
2149,2149,15.8
2150,2150,12.1
2151,2151,14.7
2152,2152,14.4
2153,2153,18.1
2154,2154,17.7
2155,2155,20.2
2156,2156,20.1
2157,2157,18.0
2158,2158,11.5
2159,2159,15.4
2160,2160,16.6
2161,2161,14.0
2162,2162,9.2
2163,2163,10.5
2164,2164,13.8
2165,2165,16.9
2166,2166,13.6
2167,2167,15.2
2168,2168,15.0
2169,2169,15.7
2170,2170,16.9
2171,2171,19.6
2172,2172,20.4
2173,2173,18.3
2174,2174,20.3
2175,2175,17.8
2176,2176,18.3
2177,2177,19.3
2178,2178,16.9
2179,2179,19.7
2180,2180,20.5
2181,2181,19.7
2182,2182,18.0
2183,2183,19.0
2184,2184,18.4
2185,2185,19.0
2186,2186,18.4
2187,2187,17.5
2188,2188,17.6
2189,2189,18.0
2190,2190,14.5
2191,2191,18.1
2192,2192,19.3
2193,2193,12.1
2194,2194,16.5
2195,2195,12.7
2196,2196,15.1
2197,2197,11.2
2198,2198,10.0
2199,2199,11.3
2200,2200,10.9
2201,2201,12.6
2202,2202,9.3
2203,2203,11.8
2204,2204,14.5
2205,2205,10.2
2206,2206,12.7
2207,2207,10.0
2208,2208,14.5
2209,2209,16.6
2210,2210,12.7
2211,2211,16.6
2212,2212,13.2
2213,2213,10.8
2214,2214,16.4
2215,2215,14.5
2216,2216,7.9
2217,2217,7.8
2218,2218,10.3
2219,2219,5.5
2220,2220,5.8
2221,2221,8.6
2222,2222,9.0
2223,2223,10.4
2224,2224,15.1
2225,2225,8.7
2226,2226,11.5
2227,2227,15.5
2228,2228,10.8
2229,2229,11.8
2230,2230,10.9
2231,2231,7.3
2232,2232,7.6
2233,2233,8.2
2234,2234,11.8
2235,2235,8.3
2236,2236,10.3
2237,2237,12.7
2238,2238,10.7
2239,2239,15.1
2240,2240,15.2
2241,2241,9.9
2242,2242,6.9
2243,2243,10.4
2244,2244,5.9
2245,2245,12.7
2246,2246,15.2
2247,2247,10.0
2248,2248,7.1
2249,2249,5.8
2250,2250,3.6
2251,2251,4.4
2252,2252,4.7
2253,2253,6.4
2254,2254,7.7
2255,2255,7.5
2256,2256,5.0
2257,2257,5.5
2258,2258,2.7
2259,2259,6.7
2260,2260,6.1
2261,2261,9.9
2262,2262,10.4
2263,2263,9.9
2264,2264,11.2
2265,2265,4.5
2266,2266,2.6
2267,2267,2.3
2268,2268,3.2
2269,2269,2.4
2270,2270,2.3
2271,2271,6.7
2272,2272,10.3
2273,2273,6.1
2274,2274,8.0
2275,2275,1.4
2276,2276,-0.2
2277,2277,2.6
2278,2278,2.0
2279,2279,5.7
2280,2280,7.4
2281,2281,9.1
2282,2282,5.0
2283,2283,8.4
2284,2284,3.8
2285,2285,-1.4
2286,2286,-1.2
2287,2287,-1.2
2288,2288,2.6
2289,2289,0.8
2290,2290,2.3
2291,2291,1.0
2292,2292,4.3
2293,2293,-1.0
2294,2294,0.7
2295,2295,-0.8
2296,2296,0.3
2297,2297,2.4
2298,2298,1.8
2299,2299,5.9
2300,2300,11.3
2301,2301,9.9
2302,2302,5.8
2303,2303,-0.9
2304,2304,-1.5
2305,2305,-1.2
2306,2306,1.4
2307,2307,7.0
2308,2308,8.2
2309,2309,1.8
2310,2310,2.3
2311,2311,5.6
2312,2312,0.4
2313,2313,1.0
2314,2314,2.9
2315,2315,4.6
2316,2316,-2.1
2317,2317,1.1
2318,2318,0.7
2319,2319,3.6
2320,2320,4.8
2321,2321,0.1
2322,2322,-0.5
2323,2323,3.3
2324,2324,8.0
2325,2325,5.1
2326,2326,5.9
2327,2327,5.0
2328,2328,4.4
2329,2329,2.9
2330,2330,-1.4
2331,2331,-1.6
2332,2332,-1.5
2333,2333,-1.6
2334,2334,-0.3
2335,2335,4.5
2336,2336,7.5
2337,2337,2.2
2338,2338,6.5
2339,2339,8.2
2340,2340,0.7
2341,2341,1.4
2342,2342,1.0
2343,2343,3.3
2344,2344,7.2
2345,2345,3.8
2346,2346,7.2
2347,2347,7.5
2348,2348,-2.4
2349,2349,2.2
2350,2350,2.0
2351,2351,5.0
2352,2352,1.3
2353,2353,0.8
2354,2354,3.8
2355,2355,3.0
2356,2356,1.8
2357,2357,1.7
2358,2358,4.2
2359,2359,2.1
2360,2360,1.7
2361,2361,5.5
2362,2362,-0.9
2363,2363,-0.1
2364,2364,0.4
2365,2365,2.0
2366,2366,7.9
2367,2367,8.9
2368,2368,7.5
2369,2369,8.8
2370,2370,5.8
2371,2371,9.8
2372,2372,4.2
2373,2373,1.2
2374,2374,1.5
2375,2375,2.2
2376,2376,1.1
2377,2377,1.9
2378,2378,7.5
2379,2379,3.4
2380,2380,3.2
2381,2381,5.2
2382,2382,8.2
2383,2383,6.1
2384,2384,0.7
2385,2385,4.9
2386,2386,3.9
2387,2387,6.0
2388,2388,6.6
2389,2389,7.3
2390,2390,13.3
2391,2391,2.5
2392,2392,3.7
2393,2393,3.6
2394,2394,6.1
2395,2395,5.6
2396,2396,6.4
2397,2397,6.2
2398,2398,-0.2
2399,2399,1.7
2400,2400,2.9
2401,2401,4.5
2402,2402,4.3
2403,2403,4.8
2404,2404,6.8
2405,2405,3.1
2406,2406,3.7
2407,2407,4.8
2408,2408,6.9
2409,2409,9.6
2410,2410,10.1
2411,2411,10.0
2412,2412,12.0
2413,2413,10.2
2414,2414,10.3
2415,2415,13.2
2416,2416,15.4
2417,2417,10.7
2418,2418,8.7
2419,2419,10.0
2420,2420,10.5
2421,2421,13.1
2422,2422,16.0
2423,2423,8.6
2424,2424,8.3
2425,2425,11.3
2426,2426,16.6
2427,2427,13.3
2428,2428,14.1
2429,2429,10.3
2430,2430,10.0
2431,2431,17.4
2432,2432,13.6
2433,2433,6.2
2434,2434,9.3
2435,2435,9.7
2436,2436,17.1
2437,2437,15.0
2438,2438,15.9
2439,2439,12.3
2440,2440,14.7
2441,2441,16.6
2442,2442,15.2
2443,2443,12.1
2444,2444,9.2
2445,2445,12.0
2446,2446,15.8
2447,2447,17.8
2448,2448,17.9
2449,2449,15.9
2450,2450,13.8
2451,2451,12.4
2452,2452,11.6
2453,2453,12.3
2454,2454,13.3
2455,2455,18.1
2456,2456,17.8
2457,2457,12.4
2458,2458,9.6
2459,2459,9.9
2460,2460,10.2
2461,2461,10.0
2462,2462,17.9
2463,2463,5.7
2464,2464,8.1
2465,2465,12.2
2466,2466,10.0
2467,2467,17.7
2468,2468,9.9
2469,2469,9.6
2470,2470,13.4
2471,2471,14.4
2472,2472,17.9
2473,2473,21.6
2474,2474,21.1
2475,2475,19.7
2476,2476,14.2
2477,2477,15.3
2478,2478,8.9
2479,2479,9.4
2480,2480,11.3
2481,2481,15.6
2482,2482,15.5
2483,2483,16.7
2484,2484,16.5
2485,2485,20.8
2486,2486,19.7
2487,2487,18.0
2488,2488,17.0
2489,2489,17.7
2490,2490,15.3
2491,2491,17.7
2492,2492,18.8
2493,2493,10.2
2494,2494,12.8
2495,2495,13.2
2496,2496,15.7
2497,2497,17.3
2498,2498,20.4
2499,2499,20.9
2500,2500,18.4
2501,2501,17.3
2502,2502,15.5
2503,2503,17.0
2504,2504,16.4
2505,2505,14.3
2506,2506,16.7
2507,2507,17.8
2508,2508,17.7
2509,2509,20.6
2510,2510,20.2
2511,2511,26.8
2512,2512,10.4
2513,2513,10.7
2514,2514,14.5
2515,2515,14.4
2516,2516,16.1
2517,2517,23.4
2518,2518,20.4
2519,2519,22.8
2520,2520,17.0
2521,2521,16.6
2522,2522,18.1
2523,2523,18.7
2524,2524,18.5
2525,2525,17.7
2526,2526,17.1
2527,2527,10.0
2528,2528,13.8
2529,2529,13.0
2530,2530,14.4
2531,2531,19.8
2532,2532,16.5
2533,2533,14.2
2534,2534,14.6
2535,2535,15.2
2536,2536,18.0
2537,2537,18.8
2538,2538,15.7
2539,2539,17.3
2540,2540,17.3
2541,2541,16.9
2542,2542,22.3
2543,2543,13.8
2544,2544,15.2
2545,2545,10.5
2546,2546,12.7
2547,2547,13.9
2548,2548,15.2
2549,2549,13.6
2550,2550,15.2
2551,2551,20.1
2552,2552,22.5
2553,2553,22.4
2554,2554,14.9
2555,2555,14.7
2556,2556,16.2
2557,2557,15.4
2558,2558,14.7
2559,2559,16.8
2560,2560,16.7
2561,2561,15.9
2562,2562,20.3
2563,2563,20.5
2564,2564,17.4
2565,2565,20.1
2566,2566,18.7
2567,2567,24.6
2568,2568,20.0
2569,2569,20.0
2570,2570,19.4
2571,2571,18.0
2572,2572,20.4
2573,2573,19.2
2574,2574,16.0
2575,2575,19.8
2576,2576,9.5
2577,2577,12.7
2578,2578,12.4
2579,2579,11.0
2580,2580,10.0
2581,2581,14.2
2582,2582,15.5
2583,2583,8.9
2584,2584,10.0
2585,2585,11.7
2586,2586,13.8
2587,2587,11.8
2588,2588,9.5
2589,2589,9.2
2590,2590,8.6
2591,2591,7.6
2592,2592,9.7
2593,2593,10.5
2594,2594,7.9
2595,2595,5.3
2596,2596,11.4
2597,2597,4.8
2598,2598,6.1
2599,2599,8.7
2600,2600,8.4
2601,2601,8.9
2602,2602,10.0
2603,2603,11.0
2604,2604,12.9
2605,2605,11.7
2606,2606,10.6
2607,2607,9.5
2608,2608,8.8
2609,2609,9.8
2610,2610,12.8
2611,2611,9.4
2612,2612,7.1
2613,2613,6.7
2614,2614,6.1
2615,2615,6.4
2616,2616,11.7
2617,2617,12.1
2618,2618,16.8
2619,2619,13.2
2620,2620,3.8
2621,2621,6.6
2622,2622,11.0
2623,2623,10.5
2624,2624,6.7
2625,2625,7.9
2626,2626,13.9
2627,2627,14.7
2628,2628,13.4
2629,2629,9.3
2630,2630,10.8
2631,2631,13.6
2632,2632,8.7
2633,2633,9.5
2634,2634,6.3
2635,2635,9.1
2636,2636,8.0
2637,2637,8.3
2638,2638,12.1
2639,2639,4.7
2640,2640,5.3
2641,2641,10.4
2642,2642,8.2
2643,2643,2.5
2644,2644,6.9
2645,2645,4.8
2646,2646,3.8
2647,2647,0.5
2648,2648,3.6
2649,2649,1.8
2650,2650,3.2
2651,2651,3.3
2652,2652,4.7
2653,2653,9.8
2654,2654,10.8
2655,2655,7.2
2656,2656,9.0
2657,2657,9.8
2658,2658,11.4
2659,2659,10.5
2660,2660,9.6
2661,2661,0.4
2662,2662,-0.6
2663,2663,0.9
2664,2664,0.9
2665,2665,0.0
2666,2666,4.1
2667,2667,9.0
2668,2668,8.1
2669,2669,10.0
2670,2670,8.8
2671,2671,9.1
2672,2672,9.0
2673,2673,6.6
2674,2674,-0.8
2675,2675,-1.3
2676,2676,2.1
2677,2677,2.5
2678,2678,6.2
2679,2679,3.0
2680,2680,5.2
2681,2681,7.2
2682,2682,7.9
2683,2683,8.2
2684,2684,6.7
2685,2685,7.2
2686,2686,4.0
2687,2687,6.5
2688,2688,7.0
2689,2689,6.2
2690,2690,9.1
2691,2691,8.6
2692,2692,3.6
2693,2693,-0.3
2694,2694,4.4
2695,2695,-0.4
2696,2696,0.4
2697,2697,2.1
2698,2698,7.3
2699,2699,8.5
2700,2700,6.2
2701,2701,9.9
2702,2702,7.1
2703,2703,-0.2
2704,2704,4.7
2705,2705,4.5
2706,2706,6.9
2707,2707,5.9
2708,2708,7.7
2709,2709,8.3
2710,2710,8.0
2711,2711,9.6
2712,2712,8.3
2713,2713,-0.2
2714,2714,1.4
2715,2715,0.5
2716,2716,1.2
2717,2717,0.7
2718,2718,1.4
2719,2719,1.8
2720,2720,7.4
2721,2721,4.7
2722,2722,0.7
2723,2723,4.7
2724,2724,4.7
2725,2725,2.2
2726,2726,1.7
2727,2727,6.0
2728,2728,4.0
2729,2729,9.3
2730,2730,5.3
2731,2731,5.4
2732,2732,8.4
2733,2733,4.2
2734,2734,2.6
2735,2735,3.3
2736,2736,0.2
2737,2737,0.7
2738,2738,2.1
2739,2739,3.4
2740,2740,7.8
2741,2741,10.6
2742,2742,8.5
2743,2743,6.1
2744,2744,9.6
2745,2745,7.7
2746,2746,4.4
2747,2747,4.4
2748,2748,5.5
2749,2749,8.1
2750,2750,12.6
2751,2751,11.2
2752,2752,3.7
2753,2753,5.1
2754,2754,6.9
2755,2755,12.4
2756,2756,8.3
2757,2757,9.4
2758,2758,4.4
2759,2759,7.1
2760,2760,7.4
2761,2761,5.3
2762,2762,9.8
2763,2763,9.3
2764,2764,4.9
2765,2765,8.3
2766,2766,11.0
2767,2767,4.8
2768,2768,7.1
2769,2769,5.3
2770,2770,11.1
2771,2771,8.4
2772,2772,9.2
2773,2773,5.9
2774,2774,10.8
2775,2775,8.3
2776,2776,3.5
2777,2777,7.0
2778,2778,9.0
2779,2779,11.8
2780,2780,8.3
2781,2781,9.6
2782,2782,5.7
2783,2783,5.3
2784,2784,6.9
2785,2785,4.2
2786,2786,5.7
2787,2787,11.8
2788,2788,9.7
2789,2789,10.1
2790,2790,4.7
2791,2791,3.6
2792,2792,7.4
2793,2793,6.4
2794,2794,3.3
2795,2795,3.6
2796,2796,5.3
2797,2797,12.7
2798,2798,8.2
2799,2799,7.5
2800,2800,9.3
2801,2801,14.7
2802,2802,5.1
2803,2803,7.1
2804,2804,7.6
2805,2805,6.9
2806,2806,7.6
2807,2807,9.6
2808,2808,7.9
2809,2809,8.8
2810,2810,11.6
2811,2811,9.7
2812,2812,9.9
2813,2813,7.7
2814,2814,14.1
2815,2815,11.7
2816,2816,11.3
2817,2817,6.9
2818,2818,8.9
2819,2819,11.0
2820,2820,14.0
2821,2821,14.8
2822,2822,14.6
2823,2823,19.2
2824,2824,21.6
2825,2825,14.3
2826,2826,5.9
2827,2827,8.2
2828,2828,7.3
2829,2829,9.3
2830,2830,11.4
2831,2831,10.8
2832,2832,12.9
2833,2833,13.7
2834,2834,12.8
2835,2835,13.8
2836,2836,12.8
2837,2837,19.3
2838,2838,19.8
2839,2839,10.0
2840,2840,11.5
2841,2841,9.9
2842,2842,7.5
2843,2843,10.7
2844,2844,11.7
2845,2845,13.4
2846,2846,20.4
2847,2847,13.8
2848,2848,16.0
2849,2849,17.3
2850,2850,9.0
2851,2851,10.3
2852,2852,13.1
2853,2853,9.7
2854,2854,14.1
2855,2855,15.4
2856,2856,17.5
2857,2857,15.9
2858,2858,17.6
2859,2859,20.9
2860,2860,21.9
2861,2861,22.0
2862,2862,22.8
2863,2863,15.9
2864,2864,15.5
2865,2865,14.9
2866,2866,13.7
2867,2867,16.2
2868,2868,18.0
2869,2869,17.1
2870,2870,17.9
2871,2871,19.1
2872,2872,21.3
2873,2873,19.8
2874,2874,20.1
2875,2875,14.5
2876,2876,16.7
2877,2877,16.9
2878,2878,11.5
2879,2879,13.3
2880,2880,16.0
2881,2881,16.7
2882,2882,14.9
2883,2883,18.6
2884,2884,11.4
2885,2885,14.6
2886,2886,19.2
2887,2887,23.2
2888,2888,16.3
2889,2889,15.8
2890,2890,17.4
2891,2891,17.5
2892,2892,16.8
2893,2893,16.4
2894,2894,23.5
2895,2895,15.7
2896,2896,11.9
2897,2897,12.0
2898,2898,14.5
2899,2899,18.9
2900,2900,20.9
2901,2901,18.9
2902,2902,20.0
2903,2903,20.5
2904,2904,23.0
2905,2905,23.9
2906,2906,20.0
2907,2907,10.0
2908,2908,11.5
2909,2909,11.9
2910,2910,13.4
2911,2911,17.5
2912,2912,13.9
2913,2913,7.6
2914,2914,7.5
2915,2915,8.4
2916,2916,10.6
2917,2917,14.5
2918,2918,15.1
2919,2919,15.4
2920,2920,14.7
2921,2921,14.1
2922,2922,15.3
2923,2923,16.7
2924,2924,17.7
2925,2925,18.5
2926,2926,18.9
2927,2927,19.2
2928,2928,15.4
2929,2929,16.8
2930,2930,12.4
2931,2931,11.9
2932,2932,11.0
2933,2933,14.3
2934,2934,18.6
2935,2935,16.0
2936,2936,15.4
2937,2937,16.7
2938,2938,20.9
2939,2939,19.3
2940,2940,13.6
2941,2941,15.3
2942,2942,20.0
2943,2943,20.1
2944,2944,19.6
2945,2945,19.4
2946,2946,14.2
2947,2947,17.6
2948,2948,15.6
2949,2949,17.5
2950,2950,12.3
2951,2951,10.5
2952,2952,11.7
2953,2953,6.5
2954,2954,6.0
2955,2955,7.6
2956,2956,12.1
2957,2957,8.6
2958,2958,9.1
2959,2959,9.3
2960,2960,8.7
2961,2961,9.1
2962,2962,14.1
2963,2963,7.8
2964,2964,5.9
2965,2965,8.1
2966,2966,8.4
2967,2967,7.8
2968,2968,5.7
2969,2969,6.4
2970,2970,8.6
2971,2971,11.0
2972,2972,9.6
2973,2973,9.7
2974,2974,14.5
2975,2975,14.8
2976,2976,11.2
2977,2977,11.0
2978,2978,15.4
2979,2979,10.0
2980,2980,2.4
2981,2981,3.5
2982,2982,6.3
2983,2983,6.8
2984,2984,7.1
2985,2985,9.7
2986,2986,2.4
2987,2987,3.5
2988,2988,4.5
2989,2989,6.9
2990,2990,4.1
2991,2991,1.7
2992,2992,2.7
2993,2993,3.1
2994,2994,3.9
2995,2995,4.2
2996,2996,4.6
2997,2997,7.7
2998,2998,4.7
2999,2999,4.0
3000,3000,4.4
3001,3001,6.7
3002,3002,9.8
3003,3003,11.2
3004,3004,6.8
3005,3005,5.9
3006,3006,4.4
3007,3007,9.9
3008,3008,4.2
3009,3009,8.7
3010,3010,6.1
3011,3011,9.0
3012,3012,2.8
3013,3013,6.0
3014,3014,-0.4
3015,3015,-1.1
3016,3016,-0.8
3017,3017,-0.5
3018,3018,-0.9
3019,3019,1.2
3020,3020,3.6
3021,3021,-0.6
3022,3022,0.7
3023,3023,1.1
3024,3024,1.9
3025,3025,1.4
3026,3026,1.9
3027,3027,3.3
3028,3028,1.6
3029,3029,2.1
3030,3030,3.2
3031,3031,3.6
3032,3032,1.0
3033,3033,-0.2
3034,3034,1.2
3035,3035,1.2
3036,3036,0.8
3037,3037,1.1
3038,3038,1.1
3039,3039,3.9
