,Pressure9am
0,1007.7
1,1010.6
2,1007.6
3,1017.6
4,1010.8
5,1009.2
6,1009.6
7,1013.4
8,1008.9
9,1007.0
10,1011.8
11,1010.5
12,994.3
13,1001.2
14,1009.7
15,1013.4
16,1012.2
17,1005.8
18,1009.4
19,1019.2
20,1019.3
21,1013.6
22,1007.8
23,1011.0
24,1012.9
25,1010.9
26,1006.8
27,1005.2
28,1004.8
29,1005.6
30,1006.1
31,1004.5
32,1014.4
33,1018.7
34,1015.1
35,1012.6
36,1010.9
37,1007.0
38,1011.9
39,1017.8
40,1013.4
41,1009.9
42,1014.1
43,1015.7
44,1011.6
45,1008.4
46,1014.1
47,1019.7
48,1019.7
49,1015.8
50,1010.1
51,1009.6
52,1005.3
53,1007.9
54,1005.4
55,1016.5
56,1017.7
57,1017.8
58,1014.9
59,1015.7
60,1014.6
61,1014.2
62,1012.5
63,1011.7
64,1009.2
65,1008.8
66,1005.9
67,1008.0
68,1008.2
69,1007.0
70,1009.3
71,1011.6
72,1012.8
73,1017.0
74,1023.3
75,1022.5
76,1016.2
77,1017.7
78,1017.2
79,1012.4
80,1007.8
81,1010.1
82,1012.5
83,1015.6
84,1013.0
85,1014.0
86,1016.6
87,1017.8
88,1016.2
89,1007.5
90,1010.5
91,1014.1
92,1014.7
93,1014.5
94,1013.7
95,1014.5
96,1015.2
97,1017.0
98,1019.7
99,1019.5
100,1021.3
101,1019.5
102,1017.4
103,1012.7
104,1013.4
105,1013.3
106,1015.6
107,1017.4
108,1016.3
109,1016.5
110,1017.0
111,1014.8
112,1013.7
113,1016.5
114,1017.4
115,1019.1
116,1023.0
117,1023.8
118,1022.4
119,1023.0
120,1023.2
121,1022.6
122,1022.6
123,1018.8
124,1019.8
125,1020.4
126,1021.8
127,1026.7
128,1027.1
129,1024.2
130,1021.5
131,1024.4
132,1024.1
133,1023.0
134,1016.3
135,1008.2
136,1016.3
137,1018.5
138,1022.8
139,1022.7
140,1023.6
141,1025.2
142,1026.0
143,1021.3
144,1008.9
145,1004.8
146,1004.0
147,1013.8
148,1018.0
149,1023.1
150,1023.4
151,1026.0
152,1026.9
153,1028.7
154,1029.8
155,1031.4
156,1028.5
157,1026.2
158,1028.8
159,1026.0
160,1025.1
161,1025.6
162,1022.3
163,1018.4
164,1015.3
165,1015.0
166,1011.8
167,1022.5
168,1024.7
169,1023.6
170,1022.8
171,1025.2
172,1025.2
173,1022.2
174,1025.0
175,1024.6
176,1021.4
177,1021.7
178,1023.4
179,1025.6
180,1030.3
181,1034.1
182,1031.9
183,1029.3
184,1023.5
185,1021.0
186,1017.9
187,1015.2
188,1007.5
189,1009.6
190,1011.1
191,1017.6
192,1025.1
193,1025.7
194,1018.3
195,1011.8
196,1013.9
197,1022.3
198,1029.7
199,1031.6
200,1030.8
201,1025.7
202,1021.9
203,1020.7
204,1020.2
205,1014.9
206,1015.5
207,1011.6
208,1007.8
209,1007.5
210,1011.4
211,1007.6
212,1006.5
213,1009.4
214,1008.6
215,1016.3
216,1019.9
217,1022.4
218,1026.0
219,1030.4
220,1032.0
221,1028.7
222,1020.5
223,1010.4
224,1007.6
225,1006.6
226,1010.5
227,1015.6
228,1022.4
229,1023.0
230,1021.6
231,1023.1
232,1019.7
233,1009.5
234,1015.1
235,1027.3
236,1026.8
237,1018.0
238,1019.9
239,1024.0
240,1026.0
241,1025.8
242,1021.3
243,1026.8
244,1027.9
245,1023.1
246,1021.7
247,1022.2
248,1021.9
249,1012.8
250,1026.4
251,1021.6
252,1018.6
253,1009.0
254,1011.5
255,1015.7
256,1021.1
257,1021.2
258,1012.2
259,1018.2
260,1029.8
261,1027.7
262,1019.7
263,1004.0
264,1012.0
265,1011.5
266,1004.1
267,1009.6
268,1016.1
269,1018.5
270,1016.9
271,1002.6
272,1014.2
273,1018.9
274,1023.2
275,1024.9
276,1016.6
277,1014.4
278,1019.5
279,1018.4
280,1005.0
281,1009.9
282,1012.8
283,1017.8
284,1022.2
285,1020.0
286,1017.0
287,1022.6
288,1022.5
289,1022.2
290,1013.8
291,1021.2
292,1018.8
293,1014.6
294,1014.5
295,1002.6
296,997.8
297,1015.1
298,1009.3
299,1005.2
300,1009.8
301,1012.3
302,1015.6
303,1018.0
304,1012.4
305,1009.6
306,1014.0
307,1020.6
308,1020.7
309,1020.2
310,1018.7
311,1024.0
312,1027.7
313,1029.5
314,1022.6
315,1007.9
316,1001.9
317,1000.5
318,1008.5
319,1016.0
320,1022.7
321,1026.9
322,1026.6
323,1022.9
324,1018.9
325,1020.8
326,1019.6
327,1019.5
328,1014.7
329,1023.8
330,1027.5
331,1025.4
332,1023.4
333,1022.8
334,1022.3
335,1021.6
336,1018.8
337,1009.8
338,1017.1
339,1020.5
340,1025.0
341,1028.5
342,1029.1
343,1025.4
344,1021.0
345,1021.4
346,1018.9
347,1017.2
348,1015.6
349,1009.8
350,1007.0
351,1008.0
352,1010.0
353,1006.8
354,1007.6
355,1010.8
356,1003.7
357,1020.7
358,1024.6
359,1020.8
360,1012.2
361,1010.7
362,1006.5
363,1000.5
364,1010.3
365,1018.4
366,1022.0
367,1019.2
368,1015.9
369,1015.1
370,1015.9
371,1012.3
372,1006.9
373,1011.6
374,1008.9
375,1016.9
376,1019.2
377,1017.6
378,1018.7
379,1019.4
380,1017.0
381,1008.9
382,1015.0
383,1016.2
384,1018.1
385,1013.5
386,1010.9
387,1012.4
388,1006.5
389,1009.8
390,1014.7
391,1016.3
392,1015.2
393,1020.0
394,1022.0
395,1016.8
396,1012.2
397,1007.8
398,1014.4
399,1017.5
400,1014.9
401,1014.1
402,1014.9
403,1018.0
404,1017.2
405,1015.4
406,1013.8
407,1007.7
408,1009.8
409,1016.1
410,1015.6
411,1009.6
412,1006.9
413,1007.7
414,1011.5
415,1011.8
416,1010.7
417,1008.8
418,1006.7
419,1013.2
420,1011.4
421,1010.0
422,1011.4
423,1008.5
424,1009.0
425,1015.3
426,1014.2
427,1014.0
428,1016.1
429,1014.0
430,1010.8
431,1009.9
432,1016.4
433,1020.8
434,1020.8
435,1020.9
436,1018.8
437,1015.8
438,1008.5
439,1009.9
440,1006.8
441,1008.6
442,1014.7
443,1015.9
444,1020.4
445,1023.6
446,1018.9
447,1015.3
448,1014.6
449,1017.3
450,1020.3
451,1023.9
452,1024.6
453,1019.4
454,1016.7
455,1018.5
456,1019.3
457,1018.6
458,1014.2
459,1008.8
460,1010.0
461,1013.3
462,1008.7
463,1014.4
464,1023.7
465,1031.4
466,1036.3
467,1035.2
468,1030.0
469,1025.5
470,1023.8
471,1025.6
472,1025.4
473,1020.4
474,1020.2
475,1018.7
476,1020.8
477,1021.2
478,1022.0
479,1021.8
480,1019.2
481,1019.8
482,1016.4
483,1015.8
484,1019.6
485,1021.2
486,1020.0
487,1019.8
488,1020.7
489,1022.1
490,1020.7
491,1017.9
492,1012.8
493,1016.7
494,1016.1
495,1011.6
496,1010.1
497,1018.1
498,1023.8
499,1023.6
500,1022.6
501,1026.5
502,1027.8
503,1027.1
504,1025.7
505,1024.6
506,1022.8
507,1023.6
508,1020.5
509,1013.4
510,1016.2
511,1026.5
512,1020.9
513,1022.0
514,1021.9
515,1026.8
516,1027.9
517,1026.7
518,1027.1
519,1017.8
520,1016.1
521,1022.3
522,1024.7
523,1023.7
524,1023.4
525,1020.8
526,1012.5
527,1022.8
528,1024.1
529,1021.2
530,1019.9
531,1021.6
532,1021.1
533,1020.9
534,1024.1
535,1023.8
536,1022.3
537,1023.3
538,1023.5
539,1017.6
540,1008.7
541,1008.9
542,1019.6
543,1019.4
544,1005.7
545,1004.7
546,1015.2
547,1020.7
548,1022.3
549,1026.5
550,1023.6
551,1018.7
552,1020.6
553,1026.7
554,1023.7
555,1012.9
556,1021.2
557,1023.0
558,1025.4
559,1031.8
560,1035.2
561,1032.3
562,1027.4
563,1010.0
564,1019.6
565,1019.4
566,1027.2
567,1034.5
568,1037.3
569,1036.9
570,1030.1
571,1021.9
572,1020.5
573,1024.3
574,1022.7
575,1021.2
576,1020.7
577,1025.2
578,1027.6
579,1030.5
580,1032.5
581,1027.5
582,1020.9
583,1026.9
584,1029.5
585,1030.9
586,1024.1
587,1020.6
588,1024.3
589,1016.8
590,1009.2
591,1020.2
592,1028.7
593,1029.2
594,1023.1
595,1018.8
596,1025.4
597,1029.3
598,1032.7
599,1035.5
600,1032.1
601,1031.7
602,1035.9
603,1036.1
604,1027.8
605,1018.5
606,1015.5
607,1013.7
608,1016.3
609,1019.5
610,1023.2
611,1019.8
612,1019.5
613,1024.5
614,1026.9
615,1022.2
616,1022.4
617,1013.9
618,1006.2
619,1005.7
620,1016.7
621,1014.4
622,1004.5
623,1013.8
624,1024.1
625,1016.9
626,1008.2
627,1015.7
628,1018.7
629,1024.0
630,1017.7
631,1013.2
632,1010.9
633,1003.1
634,1009.5
635,1024.4
636,1029.6
637,1028.9
638,1024.8
639,1015.8
640,1016.5
641,1022.1
642,1004.7
643,1011.7
644,1019.7
645,1026.2
646,1026.9
647,1015.6
648,1004.5
649,1020.2
650,1022.5
651,1017.1
652,1014.7
653,1015.2
654,1019.2
655,1024.0
656,1021.8
657,1022.7
658,1026.1
659,1025.2
660,1025.8
661,1024.4
662,1023.9
663,1018.6
664,1020.5
665,1014.1
666,1016.0
667,1021.4
668,1026.3
669,1027.5
670,1028.2
671,1028.4
672,1024.6
673,1021.9
674,1019.8
675,1020.0
676,1025.3
677,1025.7
678,1029.4
679,1030.9
680,1027.7
681,1017.9
682,1013.6
683,989.8
684,1004.6
685,1016.1
686,1019.9
687,1026.0
688,1028.7
689,1024.5
690,1020.9
691,1016.8
692,1020.6
693,1022.4
694,1017.9
695,1016.2
696,1019.8
697,1017.2
698,1010.7
699,1011.3
700,1016.5
701,1016.3
702,1019.3
703,1020.8
704,1023.0
705,1022.6
706,1018.3
707,1013.8
708,1024.3
709,1019.9
710,1014.3
711,1012.5
712,1012.1
713,1013.9
714,1014.3
715,1015.4
716,1017.5
717,1015.7
718,1020.9
719,1026.0
720,1022.1
721,1022.7
722,1023.5
723,1021.8
724,1018.2
725,1018.1
726,1012.6
727,1007.6
728,1013.6
729,1015.0
730,1014.1
731,1015.0
732,1014.6
733,1012.6
734,1011.5
735,1012.7
736,1011.5
737,1009.4
738,1009.1
739,1010.1
740,1009.2
741,1005.6
742,1014.3
743,1015.0
744,1008.7
745,1004.6
746,1005.3
747,1002.4
748,998.8
749,1002.3
750,1010.5
751,1018.4
752,1018.1
753,1022.3
754,1014.6
755,1005.4
756,1006.7
757,1016.8
758,1015.6
759,1015.8
760,1014.3
761,1011.1
762,1010.9
763,1011.8
764,1011.6
765,1006.2
766,1010.3
767,1012.7
768,1012.0
769,1013.8
770,1013.6
771,1011.7
772,1006.9
773,1009.5
774,1006.0
775,1009.4
776,1009.7
777,1004.4
778,1007.4
779,1009.1
780,1011.8
781,1012.4
782,1013.6
783,1010.4
784,1002.5
785,1008.0
786,1008.2
787,1014.5
788,1017.8
789,1018.9
790,1019.0
791,1015.3
792,1009.0
793,1014.1
794,1012.3
795,1012.7
796,1008.6
797,1017.0
798,1023.6
799,1018.7
800,1022.0
801,1020.1
802,1013.4
803,1014.2
804,1017.6
805,1022.2
806,1022.3
807,1017.6
808,1012.9
809,1013.7
810,1005.2
811,1010.1
812,1015.2
813,1022.1
814,1024.0
815,1019.2
816,1014.1
817,1011.3
818,1009.9
819,1007.8
820,1006.5
821,1015.8
822,1012.9
823,1014.3
824,1020.6
825,1025.8
826,1023.9
827,1017.5
828,1014.8
829,1012.3
830,1015.4
831,1018.8
832,1019.8
833,1021.3
834,1020.3
835,1017.3
836,1018.7
837,1015.4
838,1013.9
839,1011.9
840,1005.4
841,1001.4
842,1005.7
843,1003.7
844,1011.8
845,1020.8
846,1025.3
847,1026.9
848,1024.0
849,1018.7
850,1022.8
851,1019.6
852,1016.5
853,1016.6
854,1019.6
855,1024.3
856,1025.4
857,1020.7
858,1016.0
859,1017.9
860,1019.3
861,1010.6
862,1015.3
863,1015.0
864,1020.7
865,1031.5
866,1033.0
867,1031.8
868,1032.0
869,1031.5
870,1028.7
871,1025.4
872,1017.0
873,1002.9
874,1007.8
875,1017.3
876,1020.5
877,1021.9
878,1025.4
879,1026.5
880,1025.9
881,1024.8
882,1028.0
883,1027.8
884,1020.6
885,1016.3
886,1018.7
887,1017.9
888,1019.3
889,1019.2
890,1018.1
891,1021.3
892,1028.7
893,1029.1
894,1027.3
895,1025.3
896,1027.0
897,1023.6
898,1010.6
899,1015.1
900,1017.7
901,1015.4
902,1002.0
903,1013.3
904,1020.2
905,1028.3
906,1031.0
907,1029.2
908,1030.5
909,1035.7
910,1037.4
911,1038.9
912,1033.6
913,1026.7
914,1018.7
915,1013.2
916,1010.1
917,1010.8
918,1013.9
919,1026.0
920,1022.2
921,1017.7
922,1022.2
923,1025.4
924,1021.6
925,1029.3
926,1036.6
927,1031.3
928,1024.0
929,1018.8
930,1020.4
931,1021.5
932,1022.2
933,1023.5
934,1024.7
935,1021.0
936,1016.6
937,1022.3
938,1030.1
939,1031.0
940,1028.9
941,1024.6
942,1021.7
943,1021.6
944,1022.2
945,1022.2
946,1024.0
947,1023.0
948,1019.4
949,1016.4
950,1011.9
951,1010.2
952,1009.3
953,1012.0
954,1020.7
955,1025.0
956,1027.1
957,1025.6
958,1020.8
959,1011.8
960,1010.7
961,1021.0
962,1031.5
963,1037.3
964,1039.9
965,1037.3
966,1031.4
967,1025.6
968,1025.6
969,1023.7
970,1022.8
971,1019.2
972,1024.3
973,1025.4
974,1025.6
975,1028.4
976,1028.4
977,1024.2
978,1024.5
979,1014.9
980,1021.3
981,1022.7
982,1013.1
983,1015.9
984,
985,
986,
987,1021.7
988,1023.3
989,1017.8
990,1017.5
991,1015.6
992,1015.5
993,1008.8
994,1022.6
995,1023.4
996,1017.9
997,1020.3
998,1022.2
999,1025.0
1000,1019.9
1001,1008.7
1002,996.3
1003,1006.1
1004,1005.8
1005,1018.4
1006,1024.7
1007,1024.9
1008,1020.5
1009,1014.8
1010,1013.2
1011,1012.2
1012,1010.1
1013,1010.6
1014,1013.9
1015,1018.8
1016,1021.2
1017,1017.2
1018,1009.9
1019,1017.9
1020,1032.4
1021,1033.4
1022,1030.1
1023,1026.8
1024,1023.7
1025,1023.9
1026,1020.7
1027,1010.0
1028,1010.8
1029,1020.2
1030,1022.5
1031,1016.1
1032,1010.4
1033,1015.2
1034,1022.8
1035,1019.8
1036,1013.9
1037,1013.5
1038,1018.4
1039,1016.9
1040,1011.2
1041,1013.1
1042,1009.9
1043,1013.4
1044,1011.7
1045,1023.5
1046,1019.0
1047,1015.7
1048,1006.1
1049,1016.4
1050,1018.3
1051,1019.2
1052,1017.1
1053,1013.4
1054,1011.4
1055,1018.1
1056,1012.3
1057,1017.9
1058,1024.5
1059,1020.1
1060,1006.2
1061,1009.4
1062,1016.0
1063,1012.7
1064,1006.8
1065,1021.7
1066,1022.5
1067,1019.2
1068,1015.8
1069,1021.3
1070,1018.9
1071,1014.9
1072,1012.6
1073,1012.6
1074,1009.7
1075,1004.3
1076,1006.5
1077,1009.1
1078,1015.2
1079,1017.3
1080,1018.6
1081,1019.8
1082,1014.2
1083,1007.2
1084,1012.7
1085,1015.3
1086,1015.9
1087,1014.2
1088,1013.3
1089,1009.8
1090,1005.6
1091,1009.9
1092,1012.7
1093,1014.5
1094,1018.1
1095,1019.8
1096,1016.5
1097,1016.5
1098,1015.7
1099,1012.2
1100,1014.9
1101,1015.0
1102,1011.7
1103,1006.3
1104,1010.1
1105,1011.2
1106,1006.8
1107,1017.9
1108,1016.4
1109,1015.2
1110,1017.6
1111,1020.9
1112,1020.8
1113,1016.6
1114,1015.7
1115,1014.2
1116,1013.4
1117,1019.9
1118,1020.9
1119,1017.4
1120,1013.2
1121,1013.6
1122,1015.6
1123,1014.1
1124,1008.7
1125,995.3
1126,1007.7
1127,1013.9
1128,1011.2
1129,1006.9
1130,1005.3
1131,1000.9
1132,1005.5
1133,1008.5
1134,1011.2
1135,1012.2
1136,1010.8
1137,1011.7
1138,1014.6
1139,1016.8
1140,1019.4
1141,1019.4
1142,1018.0
1143,1015.7
1144,1016.2
1145,1015.4
1146,1013.2
1147,1012.6
1148,1015.0
1149,1019.5
1150,1022.2
1151,1021.4
1152,1018.3
1153,1015.7
1154,1012.0
1155,1013.0
1156,1002.0
1157,1010.9
1158,1014.2
1159,1009.3
1160,1015.7
1161,1019.0
1162,1023.2
1163,1015.8
1164,1011.1
1165,1014.3
1166,1018.2
1167,1018.7
1168,1019.2
1169,1018.0
1170,1014.4
1171,1010.5
1172,1016.0
1173,1022.9
1174,1024.3
1175,1018.6
1176,1007.9
1177,1008.7
1178,1006.9
1179,1015.0
1180,1022.4
1181,1023.0
1182,1022.7
1183,1021.1
1184,1020.6
1185,1019.2
1186,1019.1
1187,1017.8
1188,1017.6
1189,1015.6
1190,1016.3
1191,1019.5
1192,1018.1
1193,1020.8
1194,1019.7
1195,1019.2
1196,1030.2
1197,1034.1
1198,1035.1
1199,1033.0
1200,1028.0
1201,1026.4
1202,1025.6
1203,1025.8
1204,1022.1
1205,1018.4
1206,1017.3
1207,1016.5
1208,1012.7
1209,1011.0
1210,1014.2
1211,1015.1
1212,1021.9
1213,1023.0
1214,1022.9
1215,1023.3
1216,1026.2
1217,1025.5
1218,1021.7
1219,1022.9
1220,1023.3
1221,1021.1
1222,1018.6
1223,1021.1
1224,1019.6
1225,1021.1
1226,1022.8
1227,1019.5
1228,1020.2
1229,1015.9
1230,1025.2
1231,1027.0
1232,1026.5
1233,1026.3
1234,1025.9
1235,1025.3
1236,1027.1
1237,1026.2
1238,1025.3
1239,1022.3
1240,1017.5
1241,1011.4
1242,1016.1
1243,1023.5
1244,1028.7
1245,1033.8
1246,1036.5
1247,1034.4
1248,1030.1
1249,1023.9
1250,1016.5
1251,1008.4
1252,1003.3
1253,1020.9
1254,1026.2
1255,1027.5
1256,1028.2
1257,1027.5
1258,1026.2
1259,1023.5
1260,1022.9
1261,1018.2
1262,1014.6
1263,1017.5
1264,1020.9
1265,1024.7
1266,1022.2
1267,1023.5
1268,1013.4
1269,1006.6
1270,1025.1
1271,1031.1
1272,1031.0
1273,1031.2
1274,1031.3
1275,1025.5
1276,1013.7
1277,1013.6
1278,1016.2
1279,1020.2
1280,1024.7
1281,1029.3
1282,1035.2
1283,1036.5
1284,1034.4
1285,1032.1
1286,1029.0
1287,1020.8
1288,1019.1
1289,1015.7
1290,1009.3
1291,1012.1
1292,1020.4
1293,1028.6
1294,1026.2
1295,1020.7
1296,1024.5
1297,1028.7
1298,1033.1
1299,1033.2
1300,1032.3
1301,1029.3
1302,1021.9
1303,1013.0
1304,1013.2
1305,1020.8
1306,1025.9
1307,1029.0
1308,1029.1
1309,1025.4
1310,1024.2
1311,1018.7
1312,1018.6
1313,1014.2
1314,1020.0
1315,1025.8
1316,1022.9
1317,1018.0
1318,1024.4
1319,1027.3
1320,1028.4
1321,1028.8
1322,1022.2
1323,1017.8
1324,1015.0
1325,1003.7
1326,1011.0
1327,1023.4
1328,1024.6
1329,1020.1
1330,1012.6
1331,1007.3
1332,1013.7
1333,1020.6
1334,1020.7
1335,1026.4
1336,1024.9
1337,1013.4
1338,1012.1
1339,1019.1
1340,1025.8
1341,1025.7
1342,1024.7
1343,1023.5
1344,1011.0
1345,1009.5
1346,1006.8
1347,1017.9
1348,1025.3
1349,1026.3
1350,1025.9
1351,1021.2
1352,1010.4
1353,1022.5
1354,1026.0
1355,1021.6
1356,1019.8
1357,1017.4
1358,1017.8
1359,1018.0
1360,1015.5
1361,1018.6
1362,1009.4
1363,1015.8
1364,1022.8
1365,1021.3
1366,1014.5
1367,1000.8
1368,1010.5
1369,1021.8
1370,1029.8
1371,1033.0
1372,1027.7
1373,1019.7
1374,1015.5
1375,1016.8
1376,1018.2
1377,1016.0
1378,1013.5
1379,1011.6
1380,1007.5
1381,1015.5
1382,1022.1
1383,1025.7
1384,1024.8
1385,1016.0
1386,1020.0
1387,1020.5
1388,1015.9
1389,1011.7
1390,1015.5
1391,1020.6
1392,1027.0
1393,1022.9
1394,1009.7
1395,1012.1
1396,1018.2
1397,1023.9
1398,1022.1
1399,1017.6
1400,1016.0
1401,1007.0
1402,1016.6
1403,1018.2
1404,1018.1
1405,1015.9
1406,1011.6
1407,1011.2
1408,1012.8
1409,1017.5
1410,1023.8
1411,1027.0
1412,1021.7
1413,1019.3
1414,1017.8
1415,1013.8
1416,1011.6
1417,1015.0
1418,1012.5
1419,1018.0
1420,1022.2
1421,1015.0
1422,1016.0
1423,1018.1
1424,1015.6
1425,1013.9
1426,1014.4
1427,1013.3
1428,1014.3
1429,1012.4
1430,1010.4
1431,1012.8
1432,1012.2
1433,1015.8
1434,1012.3
1435,1012.4
1436,1017.6
1437,1018.2
1438,1002.4
1439,1002.4
1440,1007.8
1441,1007.6
1442,1007.0
1443,1011.7
1444,1017.6
1445,1018.1
1446,1013.9
1447,1009.4
1448,999.9
1449,1010.2
1450,1014.5
1451,1012.1
1452,1009.1
1453,1013.4
1454,1015.2
1455,1009.7
1456,1009.9
1457,1008.5
1458,1007.6
1459,1005.5
1460,1013.5
1461,1012.2
1462,1016.3
1463,1021.8
1464,1021.7
1465,1021.5
1466,1021.0
1467,1019.8
1468,1018.5
1469,1020.0
1470,1019.8
1471,1018.6
1472,1018.5
1473,1019.2
1474,1012.3
1475,1011.3
1476,1015.6
1477,1013.1
1478,1018.3
1479,1022.0
1480,1023.8
1481,1023.5
1482,1015.7
1483,1014.6
1484,1018.5
1485,1016.9
1486,1019.0
1487,1017.9
1488,1015.7
1489,1013.1
1490,1021.1
1491,1017.9
1492,1013.6
1493,1019.3
1494,1018.6
1495,1021.5
1496,1028.2
1497,1030.1
1498,1027.7
1499,1025.0
1500,1026.0
1501,1027.3
1502,1024.8
1503,1023.9
1504,1025.2
1505,1019.9
1506,1013.0
1507,1010.6
1508,1015.2
1509,1016.9
1510,1016.3
1511,1021.1
1512,1019.6
1513,1016.3
1514,1010.7
1515,1014.2
1516,1020.8
1517,1023.9
1518,1024.8
1519,1023.0
1520,1017.8
1521,1024.2
1522,1025.6
1523,1020.9
1524,1027.7
1525,1027.4
1526,1021.9
1527,1025.8
1528,1027.2
1529,1028.6
1530,1030.7
1531,1031.7
1532,1031.8
1533,1030.5
1534,1025.0
1535,1015.3
1536,1015.8
1537,1012.2
1538,1010.7
1539,1015.9
1540,1018.0
1541,1020.4
1542,1020.3
1543,1018.1
1544,1014.1
1545,1016.9
1546,1024.2
1547,1026.6
1548,1029.2
1549,1030.5
1550,1031.6
1551,1030.3
1552,1026.6
1553,1026.2
1554,1015.9
1555,1013.4
1556,1024.6
1557,1027.8
1558,1025.0
1559,1021.9
1560,1020.1
1561,1031.3
1562,1028.2
1563,1021.1
1564,1022.1
1565,1011.4
1566,1007.1
1567,1009.0
1568,1016.8
1569,1018.7
1570,1014.1
1571,1016.5
1572,1025.8
1573,1026.3
1574,1022.8
1575,1026.1
1576,1031.2
1577,1026.9
1578,1023.0
1579,1024.5
1580,1024.3
1581,1025.2
1582,1026.2
1583,1028.2
1584,1026.8
1585,1025.8
1586,1025.7
1587,1016.4
1588,1011.7
1589,1021.6
1590,1028.1
1591,1033.4
1592,1037.3
1593,1033.7
1594,1035.2
1595,1032.0
1596,1029.4
1597,1025.2
1598,1022.1
1599,1024.6
1600,1022.1
1601,1019.1
1602,1010.3
1603,1006.5
1604,1016.6
1605,1018.6
1606,1023.7
1607,1030.7
1608,1031.1
1609,1029.4
1610,1030.1
1611,1027.5
1612,1021.6
1613,1021.4
1614,1025.8
1615,1024.3
1616,1016.3
1617,1018.6
1618,1015.3
1619,1017.6
1620,1009.2
1621,1014.4
1622,1014.4
1623,1019.8
1624,1017.9
1625,1019.2
1626,1004.3
1627,1015.8
1628,1011.6
1629,1022.8
1630,1021.4
1631,1010.9
1632,1015.2
1633,1013.0
1634,1017.6
1635,1018.4
1636,1012.6
1637,1011.6
1638,1023.3
1639,1026.6
1640,1025.9
1641,1023.9
1642,1022.1
1643,1018.8
1644,1016.5
1645,1022.3
1646,1028.5
1647,1031.7
1648,1033.3
1649,1031.8
1650,1027.8
1651,1026.6
1652,1024.9
1653,1027.2
1654,1019.1
1655,1008.1
1656,1013.7
1657,1016.4
1658,1018.9
1659,1015.1
1660,1018.6
1661,1012.7
1662,1002.2
1663,1003.0
1664,1008.7
1665,1009.1
1666,1016.8
1667,1015.5
1668,1011.0
1669,1004.4
1670,1009.0
1671,1006.6
1672,1020.8
1673,1013.7
1674,1018.6
1675,1014.4
1676,1002.9
1677,1014.2
1678,1016.3
1679,1024.0
1680,1018.4
1681,1009.1
1682,1012.7
1683,1016.6
1684,1019.9
1685,1007.7
1686,1016.4
1687,1016.3
1688,1001.9
1689,1018.4
1690,1024.5
1691,1017.4
1692,1006.3
1693,1027.1
1694,1027.2
1695,1019.4
1696,1013.7
1697,1011.1
1698,1008.4
1699,1017.6
1700,1025.5
1701,1024.2
1702,1023.8
1703,1017.8
1704,1009.6
1705,1020.4
1706,1021.0
1707,1022.2
1708,1017.8
1709,1013.1
1710,1026.0
1711,1027.9
1712,1021.7
1713,1014.9
1714,1006.4
1715,1012.0
1716,1018.0
1717,1020.7
1718,1015.0
1719,1015.7
1720,1016.4
1721,1016.5
1722,1016.0
1723,1017.6
1724,1016.2
1725,1013.4
1726,1009.9
1727,1010.3
1728,1007.6
1729,1006.9
1730,1008.1
1731,1010.7
1732,1016.7
1733,1016.5
1734,1008.3
1735,1008.6
1736,1018.9
1737,1022.9
1738,1020.4
1739,1013.9
1740,1004.0
1741,1000.8
1742,1015.4
1743,1020.9
1744,1016.7
1745,1006.2
1746,1008.7
1747,1010.0
1748,1012.6
1749,1012.9
1750,1014.9
1751,1018.0
1752,1018.1
1753,1019.5
1754,1020.2
1755,1018.3
1756,1015.1
1757,1012.0
1758,1007.7
1759,1010.7
1760,1017.8
1761,1016.0
1762,1013.4
1763,1011.1
1764,1008.3
1765,1011.8
1766,1014.0
1767,1013.3
1768,1011.1
1769,1006.1
1770,1003.1
1771,1006.8
1772,1009.4
1773,1013.2
1774,1019.5
1775,1021.0
1776,1020.8
1777,1020.5
1778,1018.6
1779,1016.4
1780,1017.6
1781,1018.3
1782,1019.4
1783,1016.6
1784,1012.7
1785,1008.9
1786,1008.1
1787,1007.4
1788,1008.6
1789,1016.7
1790,1020.0
1791,1010.8
1792,1014.3
1793,1021.8
1794,1021.4
1795,1018.4
1796,1015.2
1797,1015.3
1798,1011.8
1799,1010.9
1800,1010.1
1801,1010.1
1802,1014.3
1803,1020.9
1804,1018.4
1805,1014.5
1806,1014.9
1807,1014.7
1808,1015.2
1809,1014.5
1810,1013.8
1811,1012.1
1812,1006.1
1813,998.9
1814,1001.4
1815,1013.0
1816,1010.2
1817,1000.7
1818,1010.1
1819,1018.7
1820,1020.2
1821,1021.4
1822,1019.6
1823,1014.3
1824,1009.5
1825,1016.7
1826,1020.2
1827,1020.9
1828,1020.5
1829,1024.0
1830,1024.5
1831,1017.2
1832,1017.0
1833,1020.1
1834,1020.8
1835,1021.3
1836,1022.1
1837,1021.2
1838,1017.9
1839,1018.8
1840,1015.5
1841,1009.8
1842,1007.9
1843,1016.4
1844,1020.4
1845,1025.1
1846,1025.6
1847,1019.1
1848,1017.1
1849,1017.6
1850,1017.3
1851,1021.1
1852,1023.8
1853,1018.7
1854,1016.1
1855,1016.9
1856,1020.4
1857,1021.8
1858,1019.8
1859,1017.2
1860,1016.7
1861,1019.0
1862,1020.3
1863,1023.1
1864,1025.3
1865,1023.2
1866,1021.2
1867,1015.2
1868,1007.2
1869,1015.2
1870,1019.4
1871,1021.6
1872,1023.0
1873,1021.8
1874,1022.0
1875,1018.4
1876,1019.8
1877,1020.2
1878,1022.8
1879,1019.3
1880,1017.3
1881,1016.1
1882,1021.6
1883,1014.9
1884,1022.4
1885,1024.3
1886,1016.3
1887,1016.2
1888,1018.4
1889,1008.4
1890,998.4
1891,1006.7
1892,1020.3
1893,1023.8
1894,1026.0
1895,1028.6
1896,1026.0
1897,1021.9
1898,1025.0
1899,1031.5
1900,1030.9
1901,1029.1
1902,1028.2
1903,1030.2
1904,1029.7
1905,1028.7
1906,1026.2
1907,1023.0
1908,1025.2
1909,1023.5
1910,1017.8
1911,1017.5
1912,1020.1
1913,1022.6
1914,1012.2
1915,1014.4
1916,1025.0
1917,1026.9
1918,1024.2
1919,1018.2
1920,1018.9
1921,1019.3
1922,1026.2
1923,1029.1
1924,1029.5
1925,1030.8
1926,1030.5
1927,1032.1
1928,1033.5
1929,1028.4
1930,1021.2
1931,1016.1
1932,1013.8
1933,1015.4
1934,1023.8
1935,1027.9
1936,1032.5
1937,1028.4
1938,1019.1
1939,1020.5
1940,1024.6
1941,1011.3
1942,1004.1
1943,1015.0
1944,1020.1
1945,1019.7
1946,1002.0
1947,1004.9
1948,1019.9
1949,1027.8
1950,1030.8
1951,1028.8
1952,1021.8
1953,1016.3
1954,1016.2
1955,1018.4
1956,1016.7
1957,1003.2
1958,1008.7
1959,1021.0
1960,1019.6
1961,1031.9
1962,1034.0
1963,1022.7
1964,1014.0
1965,1013.0
1966,1017.7
1967,1027.4
1968,1029.0
1969,1027.5
1970,1026.6
1971,1026.0
1972,1019.8
1973,1021.0
1974,1025.4
1975,1027.3
1976,1022.5
1977,1018.4
1978,1017.7
1979,1012.1
1980,1010.3
1981,1029.1
1982,1035.5
1983,1035.6
1984,1035.9
1985,1035.0
1986,1032.2
1987,1032.6
1988,1031.6
1989,1023.3
1990,1029.0
1991,1032.5
1992,1035.0
1993,1035.9
1994,1031.7
1995,1022.7
1996,1013.9
1997,1013.6
1998,1020.8
1999,1026.6
2000,1030.7
2001,1032.6
2002,1031.5
2003,1028.8
2004,1027.3
2005,1026.2
2006,1028.2
2007,1030.4
2008,1029.6
2009,1027.4
2010,1023.1
2011,1014.7
2012,1014.3
2013,1021.3
2014,1020.1
2015,1025.0
2016,1031.2
2017,1031.4
2018,1026.7
2019,1013.2
2020,1012.0
2021,1018.2
2022,1025.9
2023,1026.7
2024,1022.0
2025,1017.6
2026,1009.7
2027,1015.0
2028,1022.0
2029,1024.5
2030,1025.6
2031,1030.6
2032,
2033,
2034,1021.3
2035,1013.1
2036,1018.2
2037,1022.3
2038,1021.4
2039,1015.5
2040,1013.6
2041,1022.7
2042,1024.2
2043,1020.9
2044,1019.3
2045,1016.9
2046,1013.3
2047,1011.9
2048,1021.1
2049,1023.8
2050,1018.5
2051,1016.4
2052,1013.9
2053,1006.9
2054,1013.5
2055,1018.9
2056,1019.5
2057,1025.4
2058,1029.1
2059,1026.7
2060,1024.8
2061,1028.3
2062,1023.9
2063,1017.6
2064,1014.4
2065,1016.1
2066,1011.5
2067,1005.5
2068,1015.2
2069,1018.8
2070,1015.8
2071,1012.0
2072,1002.3
2073,1020.8
2074,1024.4
2075,1020.9
2076,1013.3
2077,1015.5
2078,1019.1
2079,1019.8
2080,1016.1
2081,1018.5
2082,1019.2
2083,1017.5
2084,1015.2
2085,1009.1
2086,1008.9
2087,1004.5
2088,1015.0
2089,1018.7
2090,1019.6
2091,1012.7
2092,1009.2
2093,1013.0
2094,1011.3
2095,1012.5
2096,1018.2
2097,1019.9
2098,1021.3
2099,1021.8
2100,1016.4
2101,1011.2
2102,1008.7
2103,1009.5
2104,1011.8
2105,1011.0
2106,1007.0
2107,1005.0
2108,1005.6
2109,1007.5
2110,1013.3
2111,1012.4
2112,1009.7
2113,1019.1
2114,1018.5
2115,1012.7
2116,1008.8
2117,997.8
2118,1006.8
2119,1007.9
2120,1013.9
2121,1017.2
2122,1016.1
2123,1012.9
2124,1010.8
2125,1011.3
2126,1009.0
2127,1012.4
2128,1019.3
2129,1016.3
2130,1005.7
2131,1009.9
2132,1013.7
2133,1013.5
2134,1016.0
2135,1017.9
2136,1013.6
2137,1017.4
2138,1019.1
2139,1018.0
2140,1012.4
2141,1009.0
2142,1010.9
2143,1012.5
2144,1013.5
2145,1006.7
2146,1000.4
2147,1006.4
2148,1010.2
2149,1010.0
2150,1012.8
2151,1013.3
2152,1009.7
2153,1009.8
2154,1012.7
2155,1007.6
2156,1005.4
2157,1005.6
2158,1012.8
2159,1012.4
2160,1013.9
2161,1016.2
2162,1012.8
2163,1009.4
2164,1009.4
2165,1015.4
2166,1020.2
2167,1014.4
2168,1021.5
2169,1026.1
2170,1023.8
2171,1018.7
2172,1019.9
2173,1021.8
2174,1020.5
2175,1021.4
2176,1022.9
2177,1019.6
2178,1016.5
2179,1015.4
2180,1014.1
2181,1018.2
2182,1018.6
2183,1016.6
2184,1015.4
2185,1015.9
2186,1014.6
2187,1014.4
2188,1014.3
2189,1009.4
2190,1009.5
2191,1008.4
2192,1007.5
2193,1017.4
2194,1014.5
2195,1014.2
2196,1012.0
2197,1011.5
2198,1012.6
2199,1013.0
2200,1013.1
2201,1017.0
2202,1017.4
2203,1015.9
2204,1019.6
2205,1019.5
2206,1011.3
2207,1016.7
2208,1011.3
2209,1004.9
2210,1011.9
2211,1013.3
2212,1023.9
2213,1022.7
2214,1013.7
2215,1012.2
2216,1017.3
2217,1019.2
2218,1023.0
2219,1024.4
2220,1023.8
2221,1025.1
2222,1026.6
2223,1023.1
2224,1016.7
2225,1022.4
2226,1019.8
2227,1012.7
2228,1007.3
2229,1008.3
2230,1017.2
2231,1024.0
2232,1025.8
2233,1023.7
2234,1020.1
2235,1022.7
2236,1022.3
2237,1022.1
2238,1023.0
2239,1023.8
2240,1015.9
2241,1021.1
2242,1031.0
2243,1028.1
2244,1020.8
2245,1014.6
2246,1007.2
2247,1008.1
2248,1014.1
2249,1022.1
2250,1027.3
2251,1031.0
2252,1031.2
2253,1028.6
2254,1022.5
2255,1019.1
2256,1017.5
2257,1005.9
2258,1017.9
2259,1021.1
2260,1022.6
2261,1018.6
2262,1009.6
2263,1011.9
2264,1015.4
2265,1020.8
2266,1029.9
2267,1034.4
2268,1037.4
2269,1036.6
2270,1031.8
2271,1017.6
2272,1014.4
2273,1020.9
2274,1025.4
2275,1031.8
2276,1033.3
2277,1033.1
2278,1030.9
2279,1025.2
2280,1022.7
2281,1022.6
2282,1024.0
2283,1018.4
2284,1021.5
2285,1028.3
2286,1025.7
2287,1023.5
2288,1022.1
2289,1031.4
2290,1030.4
2291,1024.7
2292,1021.1
2293,1033.4
2294,1037.8
2295,1035.6
2296,1032.1
2297,1029.3
2298,1027.4
2299,1019.9
2300,1010.9
2301,1016.2
2302,1021.3
2303,1026.3
2304,1030.0
2305,1030.0
2306,1026.0
2307,1022.1
2308,1026.1
2309,1034.0
2310,1035.0
2311,1034.3
2312,1034.3
2313,1029.7
2314,1029.5
2315,1022.4
2316,1029.0
2317,1026.3
2318,1023.9
2319,1019.2
2320,1022.7
2321,1028.9
2322,1030.1
2323,1020.4
2324,1012.0
2325,1005.9
2326,1008.2
2327,1014.9
2328,1016.6
2329,1020.1
2330,1019.1
2331,1029.5
2332,1034.7
2333,1035.3
2334,1032.4
2335,1023.2
2336,1027.1
2337,1018.1
2338,1019.0
2339,1016.5
2340,1029.1
2341,1036.0
2342,1035.6
2343,1026.0
2344,1021.4
2345,1015.4
2346,1013.4
2347,1017.7
2348,1025.1
2349,1014.2
2350,1019.9
2351,1025.6
2352,1026.2
2353,1024.3
2354,1016.4
2355,1015.1
2356,1003.9
2357,1019.2
2358,1027.2
2359,1032.0
2360,1028.5
2361,1018.3
2362,1023.0
2363,1027.8
2364,1028.6
2365,1024.2
2366,1017.8
2367,1020.3
2368,1018.6
2369,1020.7
2370,1025.5
2371,1020.7
2372,1023.4
2373,1025.0
2374,1023.2
2375,1020.1
2376,1018.2
2377,1016.5
2378,1009.1
2379,1023.3
2380,1024.3
2381,1022.8
2382,1019.6
2383,1020.8
2384,1026.6
2385,1031.7
2386,1031.9
2387,1029.2
2388,1028.1
2389,1023.8
2390,1013.9
2391,1019.1
2392,1021.2
2393,1027.3
2394,1026.8
2395,1023.9
2396,1019.0
2397,1021.8
2398,1031.7
2399,1031.8
2400,1032.4
2401,1030.9
2402,1025.4
2403,1020.8
2404,1017.7
2405,1022.8
2406,1028.0
2407,1034.4
2408,1032.4
2409,1024.8
2410,1024.5
2411,1020.4
2412,1027.6
2413,1035.2
2414,1032.8
2415,1027.7
2416,1022.2
2417,1016.0
2418,1022.0
2419,1025.0
2420,1023.6
2421,1021.2
2422,1023.0
2423,1026.9
2424,1024.5
2425,1019.4
2426,1012.3
2427,1014.2
2428,1020.8
2429,1021.9
2430,1020.1
2431,1014.7
2432,1024.1
2433,1025.0
2434,1021.7
2435,1020.6
2436,1017.3
2437,1014.0
2438,1010.9
2439,1015.6
2440,1015.0
2441,1008.8
2442,1008.7
2443,1013.9
2444,1020.9
2445,1021.1
2446,1015.4
2447,1017.5
2448,1016.7
2449,1012.8
2450,1013.9
2451,1018.3
2452,1019.8
2453,1018.4
2454,1013.0
2455,1013.7
2456,1009.4
2457,1017.9
2458,1017.7
2459,1013.6
2460,1017.2
2461,1011.6
2462,1004.0
2463,1017.7
2464,1017.3
2465,1013.2
2466,1011.9
2467,1007.0
2468,1018.7
2469,1026.1
2470,1024.4
2471,1021.0
2472,1018.1
2473,1016.3
2474,1014.5
2475,1014.3
2476,1013.9
2477,1008.7
2478,1016.5
2479,1017.4
2480,1015.4
2481,1013.4
2482,1014.0
2483,1016.4
2484,1015.6
2485,1013.5
2486,1008.3
2487,1015.9
2488,1020.6
2489,1018.6
2490,1017.9
2491,1015.7
2492,1004.4
2493,1018.7
2494,1023.9
2495,1022.2
2496,1018.1
2497,1016.3
2498,1013.4
2499,1011.1
2500,1014.0
2501,1017.9
2502,1016.3
2503,1014.6
2504,1017.4
2505,1019.6
2506,1018.6
2507,1016.6
2508,1011.6
2509,1010.8
2510,1013.8
2511,1010.5
2512,1026.1
2513,1027.4
2514,1024.2
2515,1019.2
2516,1015.5
2517,1010.1
2518,1009.0
2519,1008.8
2520,1009.2
2521,1011.3
2522,1012.1
2523,1015.7
2524,1014.9
2525,1008.1
2526,1000.7
2527,1005.2
2528,1003.9
2529,1004.2
2530,1006.2
2531,1002.8
2532,1014.0
2533,1018.3
2534,1017.9
2535,1017.9
2536,1019.0
2537,1019.0
2538,1014.2
2539,1013.1
2540,1014.9
2541,1011.7
2542,1008.9
2543,1012.0
2544,1010.9
2545,1013.6
2546,1009.8
2547,1011.4
2548,1017.2
2549,1023.6
2550,1023.9
2551,1017.7
2552,1012.2
2553,1009.6
2554,1015.8
2555,1018.7
2556,1018.0
2557,1019.5
2558,1019.5
2559,1018.1
2560,1019.4
2561,1020.0
2562,1019.3
2563,1019.8
2564,1019.7
2565,1020.1
2566,1018.9
2567,1018.9
2568,1017.5
2569,1019.0
2570,1018.6
2571,1016.8
2572,1018.0
2573,1019.2
2574,1015.5
2575,996.0
2576,1013.7
2577,1018.2
2578,1019.7
2579,1019.4
2580,1018.6
2581,1020.3
2582,1018.7
2583,1018.4
2584,1018.2
2585,1017.4
2586,1017.7
2587,1017.5
2588,1018.9
2589,1018.1
2590,1017.7
2591,1023.6
2592,1022.2
2593,1017.0
2594,1014.5
2595,1024.1
2596,1023.0
2597,1023.7
2598,1021.9
2599,1020.6
2600,1022.9
2601,1027.0
2602,1028.5
2603,1024.9
2604,1020.4
2605,1021.7
2606,1021.8
2607,1022.3
2608,1024.4
2609,1022.7
2610,1022.6
2611,1027.4
2612,1031.4
2613,1032.4
2614,1030.5
2615,1026.6
2616,1022.9
2617,1019.2
2618,1018.1
2619,1012.1
2620,1017.8
2621,1011.4
2622,1017.2
2623,1021.5
2624,1020.6
2625,1021.1
2626,1014.6
2627,1003.4
2628,1005.2
2629,1017.6
2630,1016.3
2631,1024.0
2632,1025.5
2633,1017.7
2634,1021.5
2635,1019.3
2636,1020.6
2637,1019.7
2638,1022.7
2639,1027.1
2640,1023.7
2641,1018.6
2642,1021.5
2643,1019.5
2644,1005.0
2645,1008.5
2646,1008.9
2647,1020.0
2648,1027.6
2649,1031.1
2650,1029.2
2651,1027.9
2652,1025.0
2653,1015.2
2654,1006.9
2655,1004.9
2656,1004.3
2657,1013.1
2658,1005.5
2659,1020.0
2660,1025.0
2661,1037.5
2662,1039.9
2663,1038.2
2664,1034.8
2665,1026.0
2666,1014.7
2667,1018.0
2668,1017.7
2669,1000.1
2670,1004.9
2671,1005.9
2672,1010.3
2673,1004.8
2674,1022.9
2675,1023.4
2676,1019.5
2677,1026.9
2678,1029.8
2679,1019.3
2680,1019.0
2681,1027.7
2682,1027.5
2683,1021.1
2684,1011.2
2685,1010.3
2686,1020.7
2687,1022.7
2688,1025.5
2689,1023.8
2690,1009.3
2691,1007.3
2692,1019.3
2693,1032.6
2694,1032.9
2695,1033.9
2696,1031.6
2697,1026.2
2698,1023.3
2699,1020.9
2700,1020.1
2701,1003.6
2702,1005.2
2703,1015.5
2704,1013.5
2705,1017.4
2706,1013.7
2707,1027.6
2708,1025.8
2709,1024.4
2710,1019.4
2711,1017.0
2712,1016.2
2713,1023.0
2714,1029.0
2715,1033.5
2716,1030.3
2717,1027.9
2718,1026.7
2719,1022.0
2720,1015.7
2721,1021.1
2722,1025.6
2723,1024.2
2724,1029.6
2725,1033.0
2726,1030.9
2727,1024.8
2728,1023.8
2729,1012.9
2730,1016.1
2731,1020.1
2732,1016.8
2733,1016.1
2734,1014.8
2735,1013.2
2736,1022.9
2737,1025.3
2738,1024.8
2739,1027.6
2740,1024.7
2741,1015.9
2742,1020.0
2743,1012.1
2744,1003.4
2745,1023.7
2746,1031.3
2747,1030.7
2748,1031.2
2749,1027.2
2750,1014.8
2751,1012.4
2752,1021.0
2753,1022.3
2754,1020.6
2755,1009.5
2756,1008.5
2757,1018.7
2758,1022.6
2759,1010.7
2760,1013.2
2761,1018.1
2762,1009.3
2763,1012.3
2764,1015.8
2765,1012.3
2766,1008.9
2767,1014.8
2768,1012.9
2769,1014.6
2770,993.7
2771,992.9
2772,1006.2
2773,1012.3
2774,1000.3
2775,1006.9
2776,1018.3
2777,1021.4
2778,1019.6
2779,1016.6
2780,1019.1
2781,1012.2
2782,1017.3
2783,1017.9
2784,1023.1
2785,1026.0
2786,1022.4
2787,1008.7
2788,1008.7
2789,1012.8
2790,1020.6
2791,1023.4
2792,1015.8
2793,1014.2
2794,1022.7
2795,1021.3
2796,1018.6
2797,1013.0
2798,1016.3
2799,1018.7
2800,1018.8
2801,1005.9
2802,1015.9
2803,1014.3
2804,1016.1
2805,1019.4
2806,1015.6
2807,1010.4
2808,1012.4
2809,1010.3
2810,1006.9
2811,1011.5
2812,1009.8
2813,1011.9
2814,1001.3
2815,999.4
2816,1005.9
2817,1017.3
2818,1021.1
2819,1022.0
2820,1016.1
2821,1016.5
2822,1017.9
2823,1015.6
2824,1013.5
2825,1011.8
2826,1016.8
2827,1015.5
2828,1018.1
2829,1016.7
2830,1014.1
2831,1011.8
2832,1007.9
2833,1008.0
2834,1009.3
2835,1013.8
2836,1013.1
2837,1008.5
2838,1011.7
2839,1014.6
2840,1003.3
2841,1012.6
2842,1021.6
2843,1021.2
2844,1020.7
2845,1014.0
2846,1008.2
2847,1013.8
2848,1010.7
2849,1007.2
2850,1019.1
2851,1018.5
2852,1006.6
2853,1013.3
2854,1016.9
2855,1015.9
2856,1013.6
2857,1015.3
2858,1012.0
2859,1012.6
2860,1008.2
2861,1007.4
2862,1002.5
2863,1004.9
2864,1005.1
2865,1011.1
2866,1018.5
2867,1018.4
2868,1017.5
2869,1016.1
2870,1015.9
2871,1010.6
2872,1009.7
2873,1012.0
2874,1008.2
2875,1010.6
2876,1003.2
2877,1007.8
2878,1015.8
2879,1015.9
2880,1012.4
2881,1007.2
2882,1011.3
2883,996.6
2884,1011.5
2885,1015.3
2886,1009.1
2887,1008.8
2888,1017.3
2889,1014.7
2890,1015.0
2891,1013.8
2892,1015.3
2893,1009.7
2894,1009.5
2895,1013.3
2896,1014.9
2897,1015.1
2898,1013.3
2899,1010.3
2900,1011.9
2901,1017.1
2902,1020.1
2903,1016.4
2904,1009.9
2905,1006.6
2906,1003.3
2907,1011.0
2908,1016.0
2909,1015.1
2910,1010.8
2911,1008.3
2912,1008.6
2913,1010.9
2914,1013.9
2915,1020.9
2916,1018.6
2917,1015.9
2918,1019.4
2919,1019.4
2920,1020.8
2921,1023.7
2922,1022.7
2923,1021.5
2924,1018.1
2925,1018.4
2926,1017.1
2927,1013.2
2928,1014.8
2929,1018.2
2930,1019.3
2931,1018.6
2932,1016.9
2933,1013.6
2934,1004.9
2935,1011.2
2936,1019.0
2937,1018.5
2938,1012.2
2939,1018.3
2940,1024.7
2941,1020.2
2942,1016.8
2943,1013.9
2944,1013.1
2945,1017.4
2946,1018.7
2947,1014.9
2948,1015.5
2949,1013.0
2950,1014.3
2951,1012.5
2952,1011.8
2953,1020.0
2954,1020.3
2955,1026.4
2956,1030.0
2957,1030.4
2958,1027.6
2959,1026.0
2960,1027.8
2961,1023.9
2962,1009.3
2963,1010.4
2964,1021.7
2965,1025.2
2966,1024.9
2967,1023.3
2968,1021.7
2969,1021.6
2970,1022.6
2971,1025.8
2972,1030.1
2973,1029.5
2974,1025.6
2975,1026.2
2976,1025.0
2977,1022.3
2978,1009.5
2979,1006.9
2980,1020.7
2981,1025.3
2982,1023.2
2983,1023.6
2984,1018.9
2985,1018.8
2986,1029.4
2987,1031.9
2988,1030.9
2989,1023.8
2990,1027.9
2991,1030.4
2992,1029.1
2993,1026.7
2994,1026.4
2995,1027.2
2996,1024.6
2997,1022.5
2998,1020.3
2999,1020.5
3000,1022.8
3001,1024.9
3002,1021.8
3003,1018.6
3004,1022.7
3005,1025.0
3006,1021.2
3007,1017.1
3008,1023.6
3009,1024.0
3010,1021.3
3011,1010.8
3012,1021.5
3013,1024.4
3014,1031.2
3015,1036.5
3016,1036.8
3017,1034.5
3018,1030.0
3019,1027.3
3020,1023.3
3021,1027.2
3022,1028.9
3023,1029.9
3024,1034.4
3025,1031.1
3026,1029.1
3027,1031.3
3028,1032.0
3029,1029.4
3030,1026.9
3031,1025.8
3032,1029.4
3033,1033.8
3034,1030.6
3035,1029.4
3036,1029.4
3037,1022.3
3038,1018.8
3039,1020.5
